1,1,316.00,345.00,88.00,229.00,1.00,-1,-1,-1
1,2,183.00,314.00,42.00,177.00,1.00,-1,-1,-1
1,3,392.00,348.00,99.00,226.00,1.00,-1,-1,-1
1,4,221.00,326.00,28.00,169.00,1.00,-1,-1,-1
2,1,314.00,346.00,89.00,228.00,1.00,-1,-1,-1
2,3,389.00,346.00,124.00,228.00,1.00,-1,-1,-1
2,2,183.00,314.00,43.00,177.00,1.00,-1,-1,-1
3,1,313.00,342.00,91.00,233.00,1.00,-1,-1,-1
3,3,390.00,347.00,126.00,227.00,1.00,-1,-1,-1
3,2,184.00,313.00,42.00,178.00,1.00,-1,-1,-1
3,4,222.00,326.00,28.00,169.00,1.00,-1,-1,-1
4,1,311.00,337.00,93.00,237.00,1.00,-1,-1,-1
4,3,390.00,349.00,127.00,225.00,1.00,-1,-1,-1
4,2,185.00,313.00,42.00,178.00,1.00,-1,-1,-1
4,4,223.00,326.00,28.00,167.00,1.00,-1,-1,-1
5,1,306.00,338.00,96.00,237.00,1.00,-1,-1,-1
5,3,394.00,348.00,120.00,226.00,1.00,-1,-1,-1
5,2,185.00,313.00,42.00,177.00,1.00,-1,-1,-1
6,1,301.00,336.00,99.00,238.00,1.00,-1,-1,-1
6,3,399.00,348.00,107.00,226.00,1.00,-1,-1,-1
6,2,186.00,313.00,41.00,177.00,1.00,-1,-1,-1
7,1,298.00,336.00,101.00,239.00,1.00,-1,-1,-1
7,3,402.00,348.00,103.00,226.00,1.00,-1,-1,-1
7,2,187.00,313.00,41.00,177.00,1.00,-1,-1,-1
8,1,296.00,336.00,105.00,239.00,1.00,-1,-1,-1
8,3,401.00,348.00,107.00,226.00,1.00,-1,-1,-1
8,2,187.00,313.00,41.00,177.00,1.00,-1,-1,-1
9,1,293.00,336.00,110.00,238.00,1.00,-1,-1,-1
9,3,406.00,349.00,109.00,225.00,1.00,-1,-1,-1
9,2,188.00,313.00,40.00,177.00,1.00,-1,-1,-1
10,1,290.00,337.00,111.00,237.00,1.00,-1,-1,-1
10,3,404.00,347.00,110.00,226.00,1.00,-1,-1,-1
10,2,188.00,313.00,40.00,177.00,1.00,-1,-1,-1
11,1,288.00,337.00,108.00,237.00,1.00,-1,-1,-1
11,3,400.00,348.00,114.00,226.00,1.00,-1,-1,-1
11,2,189.00,313.00,40.00,178.00,1.00,-1,-1,-1
11,4,226.00,327.00,27.00,165.00,1.00,-1,-1,-1
12,3,400.00,349.00,118.00,225.00,1.00,-1,-1,-1
12,1,285.00,337.00,108.00,237.00,1.00,-1,-1,-1
12,2,189.00,313.00,40.00,178.00,1.00,-1,-1,-1
12,4,226.00,327.00,28.00,165.00,1.00,-1,-1,-1
13,3,401.00,350.00,121.00,223.00,1.00,-1,-1,-1
13,1,283.00,337.00,120.00,237.00,1.00,-1,-1,-1
13,2,190.00,313.00,39.00,177.00,1.00,-1,-1,-1
13,4,226.00,327.00,29.00,166.00,1.00,-1,-1,-1
14,1,282.00,337.00,121.00,236.00,1.00,-1,-1,-1
14,3,410.00,348.00,111.00,225.00,1.00,-1,-1,-1
14,2,190.00,313.00,40.00,177.00,1.00,-1,-1,-1
15,3,409.00,343.00,114.00,230.00,1.00,-1,-1,-1
15,1,282.00,339.00,119.00,235.00,1.00,-1,-1,-1
15,2,190.00,313.00,40.00,177.00,1.00,-1,-1,-1
16,3,411.00,342.00,115.00,232.00,1.00,-1,-1,-1
16,1,280.00,339.00,118.00,235.00,1.00,-1,-1,-1
16,2,191.00,313.00,40.00,177.00,1.00,-1,-1,-1
17,3,417.00,342.00,110.00,232.00,1.00,-1,-1,-1
17,1,280.00,339.00,118.00,234.00,1.00,-1,-1,-1
17,2,191.00,313.00,40.00,177.00,1.00,-1,-1,-1
18,1,279.00,340.00,123.00,234.00,1.00,-1,-1,-1
18,3,426.00,342.00,103.00,232.00,1.00,-1,-1,-1
18,2,191.00,313.00,41.00,177.00,1.00,-1,-1,-1
19,1,279.00,338.00,122.00,235.00,1.00,-1,-1,-1
19,3,430.00,343.00,101.00,231.00,1.00,-1,-1,-1
19,2,191.00,314.00,40.00,175.00,1.00,-1,-1,-1
20,1,279.00,334.00,121.00,239.00,1.00,-1,-1,-1
20,3,433.00,344.00,104.00,231.00,1.00,-1,-1,-1
20,2,192.00,314.00,39.00,175.00,1.00,-1,-1,-1
21,1,279.00,328.00,123.00,246.00,1.00,-1,-1,-1
21,3,434.00,346.00,107.00,229.00,1.00,-1,-1,-1
21,2,193.00,314.00,39.00,175.00,1.00,-1,-1,-1
22,1,280.00,329.00,124.00,244.00,1.00,-1,-1,-1
22,3,438.00,348.00,105.00,226.00,1.00,-1,-1,-1
22,2,193.00,314.00,39.00,175.00,1.00,-1,-1,-1
22,4,231.00,327.00,30.00,166.00,1.00,-1,-1,-1
23,1,281.00,330.00,123.00,242.00,1.00,-1,-1,-1
23,3,444.00,348.00,103.00,226.00,1.00,-1,-1,-1
23,2,194.00,314.00,38.00,174.00,1.00,-1,-1,-1
23,4,232.00,327.00,29.00,167.00,1.00,-1,-1,-1
24,1,282.00,332.00,121.00,241.00,1.00,-1,-1,-1
24,3,447.00,350.00,104.00,223.00,1.00,-1,-1,-1
24,2,194.00,314.00,39.00,174.00,1.00,-1,-1,-1
24,4,232.00,327.00,30.00,166.00,1.00,-1,-1,-1
25,1,281.00,332.00,120.00,240.00,1.00,-1,-1,-1
25,3,451.00,352.00,106.00,221.00,1.00,-1,-1,-1
25,2,195.00,313.00,40.00,178.00,1.00,-1,-1,-1
25,4,232.00,327.00,30.00,166.00,1.00,-1,-1,-1
26,1,282.00,331.00,122.00,241.00,1.00,-1,-1,-1
26,3,452.00,352.00,109.00,222.00,1.00,-1,-1,-1
26,2,195.00,314.00,40.00,177.00,1.00,-1,-1,-1
26,4,232.00,328.00,30.00,165.00,1.00,-1,-1,-1
27,1,283.00,330.00,126.00,242.00,1.00,-1,-1,-1
27,3,454.00,352.00,111.00,223.00,1.00,-1,-1,-1
27,2,196.00,314.00,40.00,177.00,1.00,-1,-1,-1
27,4,232.00,328.00,30.00,165.00,1.00,-1,-1,-1
28,1,283.00,330.00,132.00,241.00,1.00,-1,-1,-1
28,3,452.00,351.00,121.00,224.00,1.00,-1,-1,-1
28,2,196.00,314.00,41.00,177.00,1.00,-1,-1,-1
28,4,232.00,328.00,30.00,166.00,1.00,-1,-1,-1
29,1,282.00,326.00,135.00,246.00,1.00,-1,-1,-1
29,3,452.00,350.00,126.00,224.00,1.00,-1,-1,-1
29,2,197.00,315.00,41.00,176.00,1.00,-1,-1,-1
29,5,401.00,378.00,53.00,150.00,1.00,-1,-1,-1
29,4,233.00,329.00,29.00,166.00,1.00,-1,-1,-1
30,1,283.00,337.00,134.00,236.00,1.00,-1,-1,-1
30,3,453.00,351.00,130.00,224.00,1.00,-1,-1,-1
30,2,196.00,316.00,40.00,172.00,1.00,-1,-1,-1
30,5,403.00,376.00,53.00,152.00,1.00,-1,-1,-1
30,4,232.00,329.00,29.00,162.00,1.00,-1,-1,-1
31,3,457.00,347.00,132.00,227.00,1.00,-1,-1,-1
31,1,283.00,338.00,134.00,235.00,1.00,-1,-1,-1
31,2,197.00,316.00,40.00,173.00,1.00,-1,-1,-1
31,4,233.00,328.00,29.00,168.00,1.00,-1,-1,-1
31,5,405.00,376.00,51.00,151.00,1.00,-1,-1,-1
32,3,459.00,348.00,135.00,226.00,1.00,-1,-1,-1
32,1,282.00,340.00,137.00,233.00,1.00,-1,-1,-1
32,2,197.00,317.00,40.00,172.00,1.00,-1,-1,-1
32,4,234.00,329.00,28.00,167.00,1.00,-1,-1,-1
32,5,405.00,377.00,52.00,152.00,1.00,-1,-1,-1
33,1,283.00,340.00,136.00,233.00,1.00,-1,-1,-1
33,3,466.00,345.00,130.00,229.00,1.00,-1,-1,-1
33,2,198.00,317.00,40.00,174.00,1.00,-1,-1,-1
33,4,234.00,329.00,29.00,167.00,1.00,-1,-1,-1
34,3,472.00,343.00,128.00,231.00,1.00,-1,-1,-1
34,1,280.00,343.00,140.00,230.00,1.00,-1,-1,-1
34,2,198.00,318.00,41.00,175.00,1.00,-1,-1,-1
34,4,234.00,329.00,29.00,167.00,1.00,-1,-1,-1
34,5,408.00,377.00,51.00,152.00,1.00,-1,-1,-1
35,1,279.00,344.00,143.00,228.00,1.00,-1,-1,-1
35,3,475.00,341.00,129.00,233.00,1.00,-1,-1,-1
35,2,198.00,318.00,41.00,175.00,1.00,-1,-1,-1
35,4,234.00,329.00,29.00,167.00,1.00,-1,-1,-1
35,5,406.00,378.00,53.00,152.00,1.00,-1,-1,-1
36,3,472.00,340.00,137.00,234.00,1.00,-1,-1,-1
36,1,277.00,343.00,146.00,229.00,1.00,-1,-1,-1
36,2,198.00,319.00,41.00,174.00,1.00,-1,-1,-1
36,5,405.00,381.00,58.00,151.00,1.00,-1,-1,-1
36,4,234.00,330.00,29.00,167.00,1.00,-1,-1,-1
37,3,464.00,339.00,151.00,235.00,1.00,-1,-1,-1
37,1,274.00,344.00,148.00,229.00,1.00,-1,-1,-1
37,2,198.00,319.00,42.00,174.00,1.00,-1,-1,-1
37,5,402.00,382.00,60.00,153.00,1.00,-1,-1,-1
37,4,234.00,330.00,29.00,166.00,1.00,-1,-1,-1
38,3,476.00,341.00,146.00,233.00,1.00,-1,-1,-1
38,1,270.00,345.00,156.00,227.00,1.00,-1,-1,-1
38,2,198.00,319.00,42.00,174.00,1.00,-1,-1,-1
38,5,405.00,382.00,56.00,150.00,1.00,-1,-1,-1
38,4,235.00,330.00,28.00,166.00,1.00,-1,-1,-1
39,1,272.00,345.00,156.00,227.00,1.00,-1,-1,-1
39,3,471.00,341.00,157.00,233.00,1.00,-1,-1,-1
39,2,199.00,319.00,41.00,174.00,1.00,-1,-1,-1
39,5,408.00,382.00,53.00,150.00,1.00,-1,-1,-1
39,4,235.00,330.00,28.00,166.00,1.00,-1,-1,-1
40,1,275.00,345.00,150.00,227.00,1.00,-1,-1,-1
40,3,474.00,344.00,159.00,230.00,1.00,-1,-1,-1
40,2,199.00,320.00,41.00,174.00,1.00,-1,-1,-1
40,5,407.00,381.00,55.00,153.00,1.00,-1,-1,-1
40,4,235.00,331.00,29.00,166.00,1.00,-1,-1,-1
41,1,272.00,345.00,156.00,228.00,1.00,-1,-1,-1
41,3,477.00,348.00,161.00,226.00,1.00,-1,-1,-1
41,2,199.00,320.00,42.00,174.00,1.00,-1,-1,-1
41,5,408.00,382.00,51.00,151.00,1.00,-1,-1,-1
41,4,234.00,331.00,29.00,162.00,1.00,-1,-1,-1
42,1,271.00,344.00,157.00,229.00,1.00,-1,-1,-1
42,3,480.00,349.00,158.00,225.00,1.00,-1,-1,-1
42,2,199.00,320.00,42.00,174.00,1.00,-1,-1,-1
42,5,407.00,382.00,50.00,154.00,1.00,-1,-1,-1
42,6,0.00,410.00,148.00,162.00,1.00,-1,-1,-1
42,4,234.00,331.00,28.00,162.00,1.00,-1,-1,-1
43,3,486.00,352.00,153.00,222.00,1.00,-1,-1,-1
43,1,288.00,345.00,140.00,228.00,1.00,-1,-1,-1
43,2,199.00,320.00,43.00,175.00,1.00,-1,-1,-1
43,6,0.00,411.00,148.00,162.00,1.00,-1,-1,-1
43,4,235.00,331.00,28.00,162.00,1.00,-1,-1,-1
44,3,490.00,355.00,161.00,219.00,1.00,-1,-1,-1
44,1,296.00,344.00,138.00,229.00,1.00,-1,-1,-1
44,2,199.00,320.00,43.00,176.00,1.00,-1,-1,-1
44,6,0.00,411.00,148.00,162.00,1.00,-1,-1,-1
45,1,302.00,344.00,139.00,230.00,1.00,-1,-1,-1
45,3,504.00,355.00,150.00,219.00,1.00,-1,-1,-1
45,2,199.00,321.00,43.00,175.00,1.00,-1,-1,-1
45,6,0.00,414.00,146.00,160.00,1.00,-1,-1,-1
46,1,306.00,343.00,135.00,230.00,1.00,-1,-1,-1
46,3,516.00,355.00,149.00,219.00,1.00,-1,-1,-1
46,2,199.00,321.00,43.00,175.00,1.00,-1,-1,-1
46,6,0.00,413.00,147.00,160.00,1.00,-1,-1,-1
47,1,308.00,345.00,133.00,227.00,1.00,-1,-1,-1
47,3,519.00,354.00,148.00,219.00,1.00,-1,-1,-1
47,6,0.00,414.00,145.00,160.00,1.00,-1,-1,-1
47,2,199.00,321.00,44.00,176.00,1.00,-1,-1,-1
48,1,310.00,346.00,132.00,227.00,1.00,-1,-1,-1
48,6,0.00,414.00,146.00,160.00,1.00,-1,-1,-1
48,2,199.00,322.00,42.00,175.00,1.00,-1,-1,-1
49,1,314.00,346.00,127.00,226.00,1.00,-1,-1,-1
49,6,0.00,415.00,145.00,159.00,1.00,-1,-1,-1
49,2,199.00,322.00,43.00,176.00,1.00,-1,-1,-1
49,3,498.00,357.00,180.00,216.00,1.00,-1,-1,-1
50,1,319.00,348.00,124.00,225.00,1.00,-1,-1,-1
50,3,557.00,350.00,130.00,223.00,1.00,-1,-1,-1
50,2,199.00,323.00,43.00,175.00,1.00,-1,-1,-1
50,6,0.00,415.00,146.00,158.00,1.00,-1,-1,-1
51,1,324.00,349.00,121.00,224.00,1.00,-1,-1,-1
51,3,559.00,350.00,130.00,224.00,1.00,-1,-1,-1
51,2,199.00,323.00,43.00,176.00,1.00,-1,-1,-1
51,6,0.00,415.00,146.00,158.00,1.00,-1,-1,-1
52,1,330.00,348.00,118.00,225.00,1.00,-1,-1,-1
52,2,199.00,323.00,42.00,176.00,1.00,-1,-1,-1
52,3,568.00,350.00,122.00,224.00,1.00,-1,-1,-1
52,6,0.00,415.00,147.00,158.00,1.00,-1,-1,-1
53,3,576.00,349.00,125.00,224.00,1.00,-1,-1,-1
53,2,199.00,323.00,41.00,177.00,1.00,-1,-1,-1
53,1,330.00,348.00,131.00,225.00,1.00,-1,-1,-1
53,6,0.00,415.00,146.00,158.00,1.00,-1,-1,-1
54,1,334.00,344.00,138.00,228.00,1.00,-1,-1,-1
54,2,199.00,324.00,41.00,176.00,1.00,-1,-1,-1
54,3,585.00,352.00,121.00,221.00,1.00,-1,-1,-1
54,6,0.00,415.00,146.00,158.00,1.00,-1,-1,-1
55,1,338.00,342.00,143.00,231.00,1.00,-1,-1,-1
55,2,198.00,324.00,42.00,177.00,1.00,-1,-1,-1
55,3,577.00,358.00,134.00,217.00,1.00,-1,-1,-1
55,6,0.00,416.00,146.00,157.00,1.00,-1,-1,-1
56,1,344.00,339.00,143.00,234.00,1.00,-1,-1,-1
56,2,198.00,324.00,42.00,177.00,1.00,-1,-1,-1
56,3,583.00,357.00,138.00,217.00,1.00,-1,-1,-1
56,6,0.00,416.00,146.00,157.00,1.00,-1,-1,-1
57,1,346.00,339.00,144.00,234.00,1.00,-1,-1,-1
57,2,198.00,324.00,42.00,178.00,1.00,-1,-1,-1
57,3,593.00,361.00,133.00,214.00,1.00,-1,-1,-1
57,6,27.00,418.00,118.00,156.00,1.00,-1,-1,-1
58,1,347.00,340.00,135.00,233.00,1.00,-1,-1,-1
58,2,198.00,325.00,42.00,177.00,1.00,-1,-1,-1
59,1,347.00,339.00,147.00,235.00,1.00,-1,-1,-1
59,3,610.00,365.00,138.00,208.00,1.00,-1,-1,-1
59,2,198.00,325.00,40.00,178.00,1.00,-1,-1,-1
60,3,620.00,368.00,136.00,205.00,1.00,-1,-1,-1
60,1,348.00,340.00,159.00,233.00,1.00,-1,-1,-1
60,2,198.00,325.00,40.00,179.00,1.00,-1,-1,-1
61,1,349.00,340.00,163.00,232.00,1.00,-1,-1,-1
61,3,629.00,367.00,137.00,206.00,1.00,-1,-1,-1
61,2,198.00,326.00,41.00,178.00,1.00,-1,-1,-1
61,6,38.00,420.00,107.00,156.00,1.00,-1,-1,-1
62,1,351.00,337.00,166.00,235.00,1.00,-1,-1,-1
62,3,640.00,373.00,146.00,202.00,1.00,-1,-1,-1
62,2,197.00,326.00,42.00,179.00,1.00,-1,-1,-1
62,4,234.00,338.00,29.00,165.00,1.00,-1,-1,-1
63,1,352.00,326.00,169.00,246.00,1.00,-1,-1,-1
63,3,657.00,372.00,133.00,201.00,1.00,-1,-1,-1
63,2,197.00,327.00,41.00,178.00,1.00,-1,-1,-1
63,6,41.00,423.00,104.00,153.00,1.00,-1,-1,-1
63,4,234.00,338.00,29.00,164.00,1.00,-1,-1,-1
64,1,354.00,341.00,172.00,231.00,1.00,-1,-1,-1
64,3,654.00,368.00,145.00,205.00,1.00,-1,-1,-1
64,6,43.00,425.00,102.00,149.00,1.00,-1,-1,-1
64,2,197.00,327.00,40.00,178.00,1.00,-1,-1,-1
64,4,233.00,338.00,29.00,166.00,1.00,-1,-1,-1
65,1,355.00,340.00,176.00,232.00,1.00,-1,-1,-1
65,3,663.00,365.00,144.00,208.00,1.00,-1,-1,-1
65,2,196.00,327.00,40.00,178.00,1.00,-1,-1,-1
65,6,43.00,425.00,102.00,151.00,1.00,-1,-1,-1
65,4,233.00,336.00,26.00,168.00,1.00,-1,-1,-1
65,7,349.00,351.00,48.00,153.00,1.00,-1,-1,-1
66,1,356.00,347.00,177.00,226.00,1.00,-1,-1,-1
66,3,668.00,364.00,146.00,208.00,1.00,-1,-1,-1
66,2,196.00,328.00,40.00,177.00,1.00,-1,-1,-1
66,6,47.00,426.00,98.00,150.00,1.00,-1,-1,-1
66,7,346.00,352.00,52.00,153.00,1.00,-1,-1,-1
66,4,232.00,337.00,27.00,166.00,1.00,-1,-1,-1
67,1,358.00,349.00,179.00,224.00,1.00,-1,-1,-1
67,2,195.00,328.00,41.00,178.00,1.00,-1,-1,-1
67,3,676.00,365.00,143.00,208.00,1.00,-1,-1,-1
67,4,232.00,337.00,27.00,166.00,1.00,-1,-1,-1
68,3,680.00,356.00,158.00,217.00,1.00,-1,-1,-1
68,1,360.00,351.00,182.00,222.00,1.00,-1,-1,-1
68,2,195.00,329.00,41.00,177.00,1.00,-1,-1,-1
68,4,232.00,337.00,26.00,167.00,1.00,-1,-1,-1
69,1,364.00,351.00,183.00,222.00,1.00,-1,-1,-1
69,3,686.00,357.00,168.00,215.00,1.00,-1,-1,-1
69,2,195.00,329.00,40.00,177.00,1.00,-1,-1,-1
69,6,62.00,430.00,81.00,146.00,1.00,-1,-1,-1
70,3,690.00,359.00,174.00,213.00,1.00,-1,-1,-1
70,1,366.00,351.00,187.00,222.00,1.00,-1,-1,-1
70,2,195.00,330.00,39.00,176.00,1.00,-1,-1,-1
70,6,51.00,430.00,90.00,146.00,1.00,-1,-1,-1
71,3,701.00,359.00,175.00,213.00,1.00,-1,-1,-1
71,1,369.00,351.00,190.00,221.00,1.00,-1,-1,-1
71,2,194.00,330.00,39.00,176.00,1.00,-1,-1,-1
71,6,40.00,432.00,100.00,142.00,1.00,-1,-1,-1
71,7,341.00,379.00,63.00,146.00,1.00,-1,-1,-1
72,3,708.00,360.00,184.00,212.00,1.00,-1,-1,-1
72,1,373.00,351.00,186.00,221.00,1.00,-1,-1,-1
72,2,194.00,330.00,39.00,176.00,1.00,-1,-1,-1
72,7,342.00,378.00,61.00,168.00,1.00,-1,-1,-1
72,6,42.00,433.00,97.00,143.00,1.00,-1,-1,-1
73,3,718.00,362.00,186.00,211.00,1.00,-1,-1,-1
73,2,193.00,330.00,40.00,176.00,1.00,-1,-1,-1
73,1,378.00,353.00,185.00,219.00,1.00,-1,-1,-1
73,6,44.00,435.00,95.00,141.00,1.00,-1,-1,-1
74,3,728.00,366.00,186.00,206.00,1.00,-1,-1,-1
74,2,193.00,331.00,39.00,175.00,1.00,-1,-1,-1
74,6,74.00,436.00,64.00,140.00,1.00,-1,-1,-1
74,1,387.00,354.00,181.00,219.00,1.00,-1,-1,-1
75,3,737.00,363.00,190.00,210.00,1.00,-1,-1,-1
75,2,192.00,331.00,40.00,176.00,1.00,-1,-1,-1
75,6,72.00,438.00,66.00,137.00,1.00,-1,-1,-1
75,1,392.00,347.00,195.00,225.00,1.00,-1,-1,-1
76,3,746.00,369.00,192.00,204.00,1.00,-1,-1,-1
76,1,415.00,348.00,175.00,224.00,1.00,-1,-1,-1
76,2,192.00,331.00,40.00,176.00,1.00,-1,-1,-1
76,6,75.00,440.00,63.00,135.00,1.00,-1,-1,-1
76,8,376.00,378.00,62.00,195.00,1.00,-1,-1,-1
77,3,758.00,372.00,192.00,201.00,1.00,-1,-1,-1
77,1,421.00,346.00,177.00,227.00,1.00,-1,-1,-1
77,2,192.00,332.00,39.00,175.00,1.00,-1,-1,-1
77,8,379.00,377.00,56.00,198.00,1.00,-1,-1,-1
78,3,775.00,378.00,190.00,195.00,1.00,-1,-1,-1
78,1,428.00,344.00,178.00,229.00,1.00,-1,-1,-1
78,8,375.00,370.00,69.00,205.00,1.00,-1,-1,-1
78,6,73.00,441.00,67.00,132.00,1.00,-1,-1,-1
78,2,191.00,332.00,40.00,175.00,1.00,-1,-1,-1
78,7,343.00,377.00,52.00,178.00,1.00,-1,-1,-1
79,3,784.00,380.00,193.00,193.00,1.00,-1,-1,-1
79,1,437.00,348.00,178.00,225.00,1.00,-1,-1,-1
79,6,70.00,441.00,72.00,132.00,1.00,-1,-1,-1
79,2,191.00,333.00,40.00,174.00,1.00,-1,-1,-1
79,8,374.00,367.00,77.00,207.00,1.00,-1,-1,-1
79,7,341.00,376.00,56.00,181.00,1.00,-1,-1,-1
80,3,796.00,379.00,193.00,194.00,1.00,-1,-1,-1
80,1,443.00,348.00,177.00,226.00,1.00,-1,-1,-1
80,6,73.00,442.00,71.00,133.00,1.00,-1,-1,-1
80,8,374.00,368.00,77.00,207.00,1.00,-1,-1,-1
80,2,191.00,333.00,40.00,175.00,1.00,-1,-1,-1
80,7,341.00,376.00,56.00,182.00,1.00,-1,-1,-1
81,1,451.00,348.00,173.00,226.00,1.00,-1,-1,-1
81,3,810.00,380.00,194.00,194.00,1.00,-1,-1,-1
81,6,73.00,442.00,71.00,133.00,1.00,-1,-1,-1
81,8,372.00,365.00,79.00,211.00,1.00,-1,-1,-1
81,2,191.00,333.00,40.00,175.00,1.00,-1,-1,-1
81,7,340.00,376.00,54.00,186.00,1.00,-1,-1,-1
82,3,817.00,378.00,201.00,197.00,1.00,-1,-1,-1
82,1,457.00,351.00,169.00,223.00,1.00,-1,-1,-1
82,6,72.00,442.00,74.00,133.00,1.00,-1,-1,-1
82,8,372.00,369.00,81.00,207.00,1.00,-1,-1,-1
82,2,190.00,333.00,41.00,175.00,1.00,-1,-1,-1
82,7,339.00,377.00,55.00,189.00,1.00,-1,-1,-1
83,1,467.00,352.00,170.00,223.00,1.00,-1,-1,-1
83,3,831.00,374.00,189.00,202.00,1.00,-1,-1,-1
83,6,72.00,441.00,75.00,134.00,1.00,-1,-1,-1
83,8,371.00,369.00,95.00,205.00,1.00,-1,-1,-1
83,2,189.00,333.00,43.00,175.00,1.00,-1,-1,-1
83,7,339.00,378.00,54.00,192.00,1.00,-1,-1,-1
84,3,842.00,374.00,181.00,202.00,1.00,-1,-1,-1
84,1,476.00,356.00,162.00,218.00,1.00,-1,-1,-1
84,6,72.00,439.00,77.00,136.00,1.00,-1,-1,-1
84,8,372.00,367.00,94.00,207.00,1.00,-1,-1,-1
84,2,189.00,333.00,43.00,176.00,1.00,-1,-1,-1
84,7,339.00,378.00,57.00,195.00,1.00,-1,-1,-1
85,1,479.00,354.00,166.00,220.00,1.00,-1,-1,-1
85,3,852.00,375.00,168.00,201.00,1.00,-1,-1,-1
85,6,72.00,438.00,78.00,137.00,1.00,-1,-1,-1
85,2,188.00,332.00,46.00,176.00,1.00,-1,-1,-1
85,7,338.00,380.00,60.00,194.00,1.00,-1,-1,-1
85,8,372.00,371.00,84.00,203.00,1.00,-1,-1,-1
86,1,480.00,357.00,179.00,216.00,1.00,-1,-1,-1
86,3,862.00,377.00,161.00,198.00,1.00,-1,-1,-1
86,6,72.00,436.00,78.00,139.00,1.00,-1,-1,-1
86,2,187.00,332.00,47.00,177.00,1.00,-1,-1,-1
86,8,370.00,383.00,78.00,191.00,1.00,-1,-1,-1
86,7,336.00,384.00,61.00,190.00,1.00,-1,-1,-1
87,1,505.00,355.00,165.00,218.00,1.00,-1,-1,-1
87,3,873.00,378.00,150.00,198.00,1.00,-1,-1,-1
87,6,72.00,435.00,80.00,140.00,1.00,-1,-1,-1
87,2,187.00,333.00,46.00,177.00,1.00,-1,-1,-1
87,8,369.00,384.00,80.00,190.00,1.00,-1,-1,-1
87,7,333.00,380.00,66.00,194.00,1.00,-1,-1,-1
88,3,884.00,381.00,139.00,194.00,1.00,-1,-1,-1
88,1,509.00,357.00,170.00,217.00,1.00,-1,-1,-1
88,6,68.00,434.00,84.00,141.00,1.00,-1,-1,-1
88,8,368.00,387.00,86.00,186.00,1.00,-1,-1,-1
88,2,187.00,333.00,47.00,177.00,1.00,-1,-1,-1
88,7,331.00,373.00,66.00,201.00,1.00,-1,-1,-1
89,1,525.00,351.00,165.00,222.00,1.00,-1,-1,-1
89,3,895.00,379.00,128.00,195.00,1.00,-1,-1,-1
89,8,366.00,385.00,91.00,189.00,1.00,-1,-1,-1
89,2,187.00,333.00,47.00,178.00,1.00,-1,-1,-1
89,7,329.00,374.00,69.00,200.00,1.00,-1,-1,-1
90,1,535.00,348.00,168.00,225.00,1.00,-1,-1,-1
90,3,908.00,381.00,115.00,193.00,1.00,-1,-1,-1
90,8,366.00,384.00,96.00,190.00,1.00,-1,-1,-1
90,2,188.00,335.00,44.00,176.00,1.00,-1,-1,-1
90,6,66.00,432.00,88.00,143.00,1.00,-1,-1,-1
90,7,329.00,373.00,68.00,201.00,1.00,-1,-1,-1
91,1,541.00,349.00,174.00,224.00,1.00,-1,-1,-1
91,3,920.00,380.00,103.00,195.00,1.00,-1,-1,-1
91,8,368.00,381.00,99.00,193.00,1.00,-1,-1,-1
91,6,63.00,429.00,91.00,146.00,1.00,-1,-1,-1
91,2,187.00,334.00,46.00,177.00,1.00,-1,-1,-1
91,7,328.00,372.00,71.00,202.00,1.00,-1,-1,-1
92,1,548.00,349.00,177.00,224.00,1.00,-1,-1,-1
92,8,367.00,383.00,95.00,190.00,1.00,-1,-1,-1
92,6,61.00,425.00,94.00,149.00,1.00,-1,-1,-1
92,2,187.00,334.00,46.00,177.00,1.00,-1,-1,-1
92,7,326.00,373.00,73.00,200.00,1.00,-1,-1,-1
93,1,553.00,344.00,178.00,229.00,1.00,-1,-1,-1
93,8,369.00,381.00,102.00,192.00,1.00,-1,-1,-1
93,2,187.00,334.00,46.00,177.00,1.00,-1,-1,-1
93,7,324.00,377.00,75.00,197.00,1.00,-1,-1,-1
94,1,560.00,345.00,182.00,228.00,1.00,-1,-1,-1
94,8,371.00,383.00,101.00,190.00,1.00,-1,-1,-1
94,2,187.00,334.00,46.00,177.00,1.00,-1,-1,-1
94,7,322.00,378.00,77.00,195.00,1.00,-1,-1,-1
94,6,57.00,418.00,98.00,157.00,1.00,-1,-1,-1
95,1,566.00,342.00,186.00,231.00,1.00,-1,-1,-1
95,8,371.00,384.00,103.00,189.00,1.00,-1,-1,-1
95,2,187.00,334.00,46.00,177.00,1.00,-1,-1,-1
95,7,320.00,376.00,79.00,197.00,1.00,-1,-1,-1
95,6,57.00,414.00,98.00,161.00,1.00,-1,-1,-1
96,1,573.00,336.00,192.00,236.00,1.00,-1,-1,-1
96,7,320.00,378.00,81.00,196.00,1.00,-1,-1,-1
96,8,376.00,386.00,98.00,188.00,1.00,-1,-1,-1
96,2,186.00,334.00,47.00,177.00,1.00,-1,-1,-1
97,1,578.00,336.00,205.00,236.00,1.00,-1,-1,-1
97,8,375.00,387.00,95.00,185.00,1.00,-1,-1,-1
97,2,187.00,334.00,43.00,178.00,1.00,-1,-1,-1
97,7,318.00,381.00,82.00,194.00,1.00,-1,-1,-1
97,6,50.00,403.00,103.00,172.00,1.00,-1,-1,-1
98,1,586.00,333.00,209.00,239.00,1.00,-1,-1,-1
98,8,376.00,387.00,98.00,185.00,1.00,-1,-1,-1
98,2,187.00,335.00,42.00,177.00,1.00,-1,-1,-1
98,7,317.00,380.00,82.00,195.00,1.00,-1,-1,-1
98,6,47.00,397.00,104.00,178.00,1.00,-1,-1,-1
99,1,593.00,341.00,211.00,230.00,1.00,-1,-1,-1
99,8,374.00,388.00,100.00,184.00,1.00,-1,-1,-1
99,2,187.00,335.00,42.00,178.00,1.00,-1,-1,-1
99,6,45.00,392.00,104.00,181.00,1.00,-1,-1,-1
99,7,315.00,373.00,87.00,199.00,1.00,-1,-1,-1
100,1,602.00,356.00,209.00,216.00,1.00,-1,-1,-1
100,6,42.00,388.00,106.00,186.00,1.00,-1,-1,-1
100,8,376.00,387.00,97.00,185.00,1.00,-1,-1,-1
100,2,187.00,335.00,42.00,178.00,1.00,-1,-1,-1
100,7,315.00,376.00,87.00,196.00,1.00,-1,-1,-1
101,6,41.00,384.00,104.00,190.00,1.00,-1,-1,-1
101,1,613.00,356.00,210.00,216.00,1.00,-1,-1,-1
101,8,374.00,387.00,97.00,185.00,1.00,-1,-1,-1
101,2,187.00,335.00,42.00,178.00,1.00,-1,-1,-1
102,1,624.00,359.00,214.00,213.00,1.00,-1,-1,-1
102,6,46.00,382.00,98.00,192.00,1.00,-1,-1,-1
102,8,373.00,387.00,99.00,185.00,1.00,-1,-1,-1
102,2,186.00,335.00,43.00,178.00,1.00,-1,-1,-1
103,1,636.00,357.00,212.00,216.00,1.00,-1,-1,-1
103,8,372.00,387.00,99.00,185.00,1.00,-1,-1,-1
103,6,53.00,376.00,87.00,198.00,1.00,-1,-1,-1
103,2,186.00,335.00,43.00,178.00,1.00,-1,-1,-1
104,1,646.00,357.00,201.00,215.00,1.00,-1,-1,-1
104,8,371.00,385.00,95.00,188.00,1.00,-1,-1,-1
104,2,186.00,335.00,42.00,178.00,1.00,-1,-1,-1
104,6,51.00,373.00,86.00,203.00,1.00,-1,-1,-1
105,1,654.00,356.00,227.00,217.00,1.00,-1,-1,-1
105,8,372.00,385.00,97.00,188.00,1.00,-1,-1,-1
105,6,53.00,369.00,83.00,207.00,1.00,-1,-1,-1
105,2,187.00,335.00,41.00,178.00,1.00,-1,-1,-1
106,1,666.00,350.00,229.00,222.00,1.00,-1,-1,-1
106,8,373.00,385.00,96.00,188.00,1.00,-1,-1,-1
106,2,187.00,335.00,42.00,177.00,1.00,-1,-1,-1
106,6,54.00,368.00,77.00,208.00,1.00,-1,-1,-1
107,1,678.00,345.00,235.00,226.00,1.00,-1,-1,-1
107,8,371.00,377.00,103.00,196.00,1.00,-1,-1,-1
107,6,55.00,366.00,75.00,209.00,1.00,-1,-1,-1
107,2,187.00,335.00,42.00,178.00,1.00,-1,-1,-1
108,1,691.00,351.00,241.00,221.00,1.00,-1,-1,-1
108,8,370.00,375.00,107.00,197.00,1.00,-1,-1,-1
108,2,187.00,335.00,43.00,178.00,1.00,-1,-1,-1
108,6,58.00,364.00,73.00,211.00,1.00,-1,-1,-1
108,7,326.00,394.00,71.00,178.00,1.00,-1,-1,-1
109,1,705.00,354.00,247.00,218.00,1.00,-1,-1,-1
109,6,58.00,363.00,79.00,211.00,1.00,-1,-1,-1
109,2,187.00,335.00,43.00,178.00,1.00,-1,-1,-1
109,8,373.00,374.00,106.00,199.00,1.00,-1,-1,-1
109,7,328.00,392.00,68.00,178.00,1.00,-1,-1,-1
110,6,58.00,360.00,78.00,214.00,1.00,-1,-1,-1
110,2,187.00,335.00,42.00,178.00,1.00,-1,-1,-1
110,1,719.00,352.00,240.00,220.00,1.00,-1,-1,-1
110,8,375.00,376.00,106.00,199.00,1.00,-1,-1,-1
110,7,328.00,391.00,73.00,182.00,1.00,-1,-1,-1
111,6,57.00,359.00,83.00,215.00,1.00,-1,-1,-1
111,2,188.00,335.00,42.00,177.00,1.00,-1,-1,-1
111,8,386.00,373.00,101.00,202.00,1.00,-1,-1,-1
111,1,734.00,351.00,194.00,221.00,1.00,-1,-1,-1
111,9,227.00,351.00,29.00,167.00,1.00,-1,-1,-1
112,6,57.00,358.00,83.00,216.00,1.00,-1,-1,-1
112,2,188.00,335.00,42.00,177.00,1.00,-1,-1,-1
112,8,383.00,371.00,108.00,202.00,1.00,-1,-1,-1
112,1,751.00,352.00,241.00,220.00,1.00,-1,-1,-1
113,6,56.00,358.00,90.00,215.00,1.00,-1,-1,-1
113,8,370.00,371.00,118.00,202.00,1.00,-1,-1,-1
113,2,188.00,335.00,42.00,177.00,1.00,-1,-1,-1
113,1,769.00,349.00,252.00,223.00,1.00,-1,-1,-1
113,7,322.00,389.00,82.00,186.00,1.00,-1,-1,-1
114,6,56.00,357.00,93.00,216.00,1.00,-1,-1,-1
114,2,188.00,335.00,42.00,177.00,1.00,-1,-1,-1
114,8,371.00,374.00,121.00,201.00,1.00,-1,-1,-1
114,1,784.00,352.00,173.00,222.00,1.00,-1,-1,-1
114,7,323.00,395.00,81.00,180.00,1.00,-1,-1,-1
115,6,56.00,357.00,94.00,216.00,1.00,-1,-1,-1
115,2,189.00,335.00,41.00,177.00,1.00,-1,-1,-1
115,8,383.00,380.00,112.00,195.00,1.00,-1,-1,-1
115,7,322.00,396.00,86.00,180.00,1.00,-1,-1,-1
116,6,56.00,356.00,96.00,218.00,1.00,-1,-1,-1
116,2,189.00,335.00,41.00,176.00,1.00,-1,-1,-1
116,8,394.00,379.00,103.00,194.00,1.00,-1,-1,-1
116,1,819.00,351.00,202.00,223.00,1.00,-1,-1,-1
116,7,322.00,397.00,91.00,178.00,1.00,-1,-1,-1
116,9,228.00,351.00,29.00,168.00,1.00,-1,-1,-1
117,6,56.00,355.00,96.00,219.00,1.00,-1,-1,-1
117,1,837.00,357.00,186.00,216.00,1.00,-1,-1,-1
117,8,393.00,381.00,105.00,192.00,1.00,-1,-1,-1
117,2,189.00,334.00,42.00,178.00,1.00,-1,-1,-1
117,9,228.00,350.00,30.00,168.00,1.00,-1,-1,-1
117,10,599.00,351.00,27.00,49.00,1.00,-1,-1,-1
118,6,57.00,355.00,97.00,219.00,1.00,-1,-1,-1
118,1,861.00,363.00,162.00,210.00,1.00,-1,-1,-1
118,8,397.00,383.00,101.00,191.00,1.00,-1,-1,-1
118,2,189.00,334.00,42.00,178.00,1.00,-1,-1,-1
118,9,229.00,350.00,30.00,169.00,1.00,-1,-1,-1
118,10,599.00,351.00,27.00,49.00,1.00,-1,-1,-1
119,6,57.00,354.00,98.00,220.00,1.00,-1,-1,-1
119,1,883.00,363.00,140.00,212.00,1.00,-1,-1,-1
119,8,398.00,382.00,101.00,190.00,1.00,-1,-1,-1
119,2,189.00,334.00,42.00,177.00,1.00,-1,-1,-1
119,9,229.00,350.00,30.00,168.00,1.00,-1,-1,-1
119,10,598.00,351.00,28.00,50.00,1.00,-1,-1,-1
120,6,58.00,353.00,98.00,220.00,1.00,-1,-1,-1
120,2,189.00,335.00,42.00,176.00,1.00,-1,-1,-1
120,1,911.00,363.00,112.00,211.00,1.00,-1,-1,-1
120,8,399.00,381.00,101.00,190.00,1.00,-1,-1,-1
120,9,229.00,350.00,30.00,168.00,1.00,-1,-1,-1
120,10,598.00,351.00,28.00,50.00,1.00,-1,-1,-1
121,6,59.00,353.00,100.00,220.00,1.00,-1,-1,-1
121,2,190.00,335.00,40.00,176.00,1.00,-1,-1,-1
121,8,403.00,379.00,102.00,195.00,1.00,-1,-1,-1
121,9,230.00,350.00,29.00,169.00,1.00,-1,-1,-1
121,7,319.00,396.00,86.00,178.00,1.00,-1,-1,-1
122,6,60.00,354.00,101.00,219.00,1.00,-1,-1,-1
122,2,190.00,335.00,40.00,176.00,1.00,-1,-1,-1
122,8,398.00,378.00,113.00,194.00,1.00,-1,-1,-1
122,11,955.00,452.00,68.00,120.00,1.00,-1,-1,-1
122,7,320.00,393.00,90.00,180.00,1.00,-1,-1,-1
122,9,230.00,350.00,29.00,167.00,1.00,-1,-1,-1
123,6,62.00,354.00,101.00,219.00,1.00,-1,-1,-1
123,2,191.00,335.00,39.00,176.00,1.00,-1,-1,-1
123,7,320.00,388.00,96.00,185.00,1.00,-1,-1,-1
123,8,404.00,379.00,113.00,195.00,1.00,-1,-1,-1
123,9,231.00,350.00,29.00,167.00,1.00,-1,-1,-1
124,6,63.00,353.00,102.00,222.00,1.00,-1,-1,-1
124,2,191.00,335.00,39.00,176.00,1.00,-1,-1,-1
124,7,319.00,388.00,100.00,185.00,1.00,-1,-1,-1
124,9,231.00,350.00,29.00,166.00,1.00,-1,-1,-1
125,6,64.00,352.00,102.00,223.00,1.00,-1,-1,-1
125,2,192.00,335.00,38.00,176.00,1.00,-1,-1,-1
125,9,231.00,350.00,28.00,166.00,1.00,-1,-1,-1
126,6,68.00,353.00,101.00,221.00,1.00,-1,-1,-1
126,2,192.00,335.00,39.00,176.00,1.00,-1,-1,-1
126,7,321.00,385.00,100.00,190.00,1.00,-1,-1,-1
126,9,231.00,350.00,29.00,165.00,1.00,-1,-1,-1
127,6,71.00,353.00,98.00,221.00,1.00,-1,-1,-1
127,2,192.00,335.00,39.00,176.00,1.00,-1,-1,-1
127,7,318.00,387.00,101.00,187.00,1.00,-1,-1,-1
127,9,231.00,349.00,29.00,167.00,1.00,-1,-1,-1
127,8,404.00,378.00,126.00,195.00,1.00,-1,-1,-1
128,6,75.00,351.00,95.00,225.00,1.00,-1,-1,-1
128,2,193.00,335.00,38.00,176.00,1.00,-1,-1,-1
128,7,319.00,389.00,101.00,185.00,1.00,-1,-1,-1
128,9,232.00,349.00,28.00,167.00,1.00,-1,-1,-1
129,6,79.00,354.00,93.00,221.00,1.00,-1,-1,-1
129,2,193.00,335.00,38.00,176.00,1.00,-1,-1,-1
129,9,232.00,349.00,28.00,166.00,1.00,-1,-1,-1
130,6,85.00,356.00,90.00,219.00,1.00,-1,-1,-1
130,2,194.00,335.00,37.00,176.00,1.00,-1,-1,-1
130,8,409.00,380.00,134.00,192.00,1.00,-1,-1,-1
130,7,318.00,394.00,112.00,180.00,1.00,-1,-1,-1
130,9,233.00,349.00,27.00,166.00,1.00,-1,-1,-1
131,6,90.00,356.00,88.00,218.00,1.00,-1,-1,-1
131,2,194.00,335.00,37.00,176.00,1.00,-1,-1,-1
131,7,318.00,397.00,110.00,176.00,1.00,-1,-1,-1
131,8,411.00,377.00,133.00,195.00,1.00,-1,-1,-1
131,9,233.00,348.00,28.00,167.00,1.00,-1,-1,-1
132,6,90.00,355.00,90.00,219.00,1.00,-1,-1,-1
132,8,410.00,377.00,139.00,196.00,1.00,-1,-1,-1
132,2,195.00,335.00,38.00,176.00,1.00,-1,-1,-1
132,7,318.00,400.00,104.00,173.00,1.00,-1,-1,-1
132,9,233.00,348.00,29.00,167.00,1.00,-1,-1,-1
133,6,95.00,354.00,89.00,219.00,1.00,-1,-1,-1
133,8,411.00,379.00,139.00,195.00,1.00,-1,-1,-1
133,2,195.00,335.00,39.00,175.00,1.00,-1,-1,-1
133,9,234.00,347.00,29.00,168.00,1.00,-1,-1,-1
134,6,94.00,353.00,91.00,220.00,1.00,-1,-1,-1
134,2,196.00,335.00,39.00,176.00,1.00,-1,-1,-1
134,8,412.00,385.00,140.00,190.00,1.00,-1,-1,-1
134,7,322.00,400.00,109.00,175.00,1.00,-1,-1,-1
134,9,234.00,346.00,29.00,169.00,1.00,-1,-1,-1
135,6,99.00,352.00,90.00,222.00,1.00,-1,-1,-1
135,2,197.00,335.00,38.00,176.00,1.00,-1,-1,-1
135,8,414.00,381.00,138.00,194.00,1.00,-1,-1,-1
135,9,235.00,346.00,28.00,169.00,1.00,-1,-1,-1
136,6,104.00,353.00,93.00,220.00,1.00,-1,-1,-1
136,2,197.00,335.00,39.00,176.00,1.00,-1,-1,-1
136,8,415.00,381.00,134.00,195.00,1.00,-1,-1,-1
136,9,236.00,346.00,28.00,169.00,1.00,-1,-1,-1
136,7,324.00,398.00,114.00,174.00,1.00,-1,-1,-1
137,6,110.00,352.00,92.00,221.00,1.00,-1,-1,-1
137,2,196.00,336.00,41.00,176.00,1.00,-1,-1,-1
137,7,326.00,397.00,112.00,176.00,1.00,-1,-1,-1
137,9,237.00,346.00,27.00,169.00,1.00,-1,-1,-1
137,8,417.00,377.00,124.00,199.00,1.00,-1,-1,-1
138,6,112.00,352.00,94.00,220.00,1.00,-1,-1,-1
138,2,197.00,336.00,42.00,176.00,1.00,-1,-1,-1
138,7,326.00,397.00,113.00,176.00,1.00,-1,-1,-1
138,8,418.00,365.00,113.00,207.00,1.00,-1,-1,-1
138,9,237.00,346.00,27.00,170.00,1.00,-1,-1,-1
139,6,115.00,353.00,96.00,220.00,1.00,-1,-1,-1
139,2,198.00,336.00,42.00,176.00,1.00,-1,-1,-1
139,8,421.00,372.00,124.00,201.00,1.00,-1,-1,-1
139,7,327.00,395.00,113.00,178.00,1.00,-1,-1,-1
139,9,237.00,346.00,27.00,169.00,1.00,-1,-1,-1
140,6,117.00,353.00,98.00,220.00,1.00,-1,-1,-1
140,2,198.00,336.00,42.00,177.00,1.00,-1,-1,-1
140,7,325.00,391.00,115.00,182.00,1.00,-1,-1,-1
140,9,238.00,347.00,28.00,167.00,1.00,-1,-1,-1
141,6,118.00,353.00,100.00,220.00,1.00,-1,-1,-1
141,2,199.00,336.00,41.00,176.00,1.00,-1,-1,-1
141,7,321.00,391.00,113.00,184.00,1.00,-1,-1,-1
141,9,236.00,347.00,30.00,168.00,1.00,-1,-1,-1
142,6,120.00,352.00,100.00,223.00,1.00,-1,-1,-1
142,8,424.00,374.00,146.00,201.00,1.00,-1,-1,-1
142,2,200.00,336.00,40.00,175.00,1.00,-1,-1,-1
142,7,319.00,391.00,116.00,185.00,1.00,-1,-1,-1
143,6,121.00,352.00,102.00,223.00,1.00,-1,-1,-1
143,8,425.00,374.00,149.00,200.00,1.00,-1,-1,-1
143,2,199.00,335.00,40.00,165.00,1.00,-1,-1,-1
144,6,122.00,352.00,105.00,222.00,1.00,-1,-1,-1
144,8,430.00,383.00,146.00,192.00,1.00,-1,-1,-1
145,6,123.00,352.00,109.00,222.00,1.00,-1,-1,-1
145,8,430.00,385.00,147.00,190.00,1.00,-1,-1,-1
146,6,124.00,352.00,108.00,222.00,1.00,-1,-1,-1
146,8,430.00,394.00,148.00,180.00,1.00,-1,-1,-1
146,7,325.00,370.00,103.00,206.00,1.00,-1,-1,-1
146,2,201.00,335.00,40.00,164.00,1.00,-1,-1,-1
147,6,123.00,352.00,108.00,222.00,1.00,-1,-1,-1
147,8,431.00,398.00,148.00,176.00,1.00,-1,-1,-1
147,7,329.00,381.00,112.00,192.00,1.00,-1,-1,-1
147,2,199.00,335.00,41.00,174.00,1.00,-1,-1,-1
148,6,119.00,352.00,112.00,221.00,1.00,-1,-1,-1
148,8,437.00,403.00,143.00,171.00,1.00,-1,-1,-1
148,7,328.00,382.00,92.00,193.00,1.00,-1,-1,-1
148,2,200.00,335.00,40.00,175.00,1.00,-1,-1,-1
149,6,118.00,352.00,113.00,221.00,1.00,-1,-1,-1
149,8,436.00,410.00,149.00,163.00,1.00,-1,-1,-1
149,7,329.00,382.00,99.00,191.00,1.00,-1,-1,-1
149,2,200.00,335.00,40.00,176.00,1.00,-1,-1,-1
150,6,118.00,352.00,112.00,221.00,1.00,-1,-1,-1
150,7,329.00,383.00,88.00,193.00,1.00,-1,-1,-1
150,8,439.00,413.00,156.00,161.00,1.00,-1,-1,-1
150,2,201.00,334.00,39.00,178.00,1.00,-1,-1,-1
151,6,120.00,352.00,108.00,221.00,1.00,-1,-1,-1
151,8,448.00,407.00,151.00,168.00,1.00,-1,-1,-1
151,7,325.00,383.00,91.00,193.00,1.00,-1,-1,-1
151,2,202.00,334.00,39.00,177.00,1.00,-1,-1,-1
151,9,240.00,348.00,31.00,169.00,1.00,-1,-1,-1
152,6,121.00,351.00,108.00,222.00,1.00,-1,-1,-1
152,8,457.00,406.00,150.00,167.00,1.00,-1,-1,-1
152,7,321.00,380.00,101.00,196.00,1.00,-1,-1,-1
152,2,202.00,334.00,38.00,177.00,1.00,-1,-1,-1
153,6,125.00,351.00,105.00,221.00,1.00,-1,-1,-1
153,7,322.00,376.00,101.00,200.00,1.00,-1,-1,-1
153,8,478.00,399.00,136.00,176.00,1.00,-1,-1,-1
153,2,202.00,335.00,38.00,175.00,1.00,-1,-1,-1
154,6,130.00,350.00,99.00,222.00,1.00,-1,-1,-1
154,8,482.00,393.00,139.00,181.00,1.00,-1,-1,-1
154,2,202.00,335.00,40.00,175.00,1.00,-1,-1,-1
155,6,127.00,347.00,102.00,226.00,1.00,-1,-1,-1
155,8,471.00,383.00,157.00,191.00,1.00,-1,-1,-1
155,7,325.00,370.00,139.00,204.00,1.00,-1,-1,-1
155,2,202.00,335.00,40.00,174.00,1.00,-1,-1,-1
156,6,126.00,346.00,103.00,227.00,1.00,-1,-1,-1
156,8,465.00,378.00,171.00,195.00,1.00,-1,-1,-1
156,7,326.00,369.00,137.00,205.00,1.00,-1,-1,-1
157,6,128.00,345.00,102.00,228.00,1.00,-1,-1,-1
157,8,467.00,428.00,171.00,148.00,1.00,-1,-1,-1
157,7,325.00,359.00,145.00,215.00,1.00,-1,-1,-1
157,2,204.00,335.00,43.00,175.00,1.00,-1,-1,-1
158,6,133.00,344.00,97.00,229.00,1.00,-1,-1,-1
158,8,467.00,338.00,199.00,234.00,1.00,-1,-1,-1
158,7,328.00,361.00,113.00,212.00,1.00,-1,-1,-1
159,6,138.00,343.00,92.00,230.00,1.00,-1,-1,-1
159,7,331.00,365.00,130.00,209.00,1.00,-1,-1,-1
159,8,520.00,342.00,155.00,230.00,1.00,-1,-1,-1
159,2,203.00,334.00,45.00,177.00,1.00,-1,-1,-1
160,6,141.00,343.00,89.00,230.00,1.00,-1,-1,-1
160,8,507.00,342.00,178.00,230.00,1.00,-1,-1,-1
160,7,331.00,364.00,109.00,210.00,1.00,-1,-1,-1
161,6,139.00,342.00,92.00,230.00,1.00,-1,-1,-1
161,8,486.00,351.00,206.00,221.00,1.00,-1,-1,-1
161,7,336.00,373.00,127.00,201.00,1.00,-1,-1,-1
162,6,138.00,342.00,94.00,231.00,1.00,-1,-1,-1
162,8,489.00,345.00,211.00,227.00,1.00,-1,-1,-1
162,7,344.00,362.00,103.00,211.00,1.00,-1,-1,-1
163,6,139.00,342.00,95.00,231.00,1.00,-1,-1,-1
163,8,496.00,378.00,211.00,196.00,1.00,-1,-1,-1
164,6,139.00,341.00,95.00,232.00,1.00,-1,-1,-1
164,8,495.00,373.00,223.00,199.00,1.00,-1,-1,-1
165,6,141.00,343.00,94.00,231.00,1.00,-1,-1,-1
165,7,375.00,379.00,86.00,195.00,1.00,-1,-1,-1
165,12,342.00,357.00,72.00,216.00,1.00,-1,-1,-1
165,8,534.00,381.00,187.00,192.00,1.00,-1,-1,-1
166,6,145.00,344.00,91.00,229.00,1.00,-1,-1,-1
166,8,535.00,375.00,185.00,199.00,1.00,-1,-1,-1
166,12,347.00,357.00,69.00,216.00,1.00,-1,-1,-1
166,7,385.00,379.00,81.00,194.00,1.00,-1,-1,-1
167,6,145.00,344.00,93.00,229.00,1.00,-1,-1,-1
167,8,538.00,372.00,185.00,201.00,1.00,-1,-1,-1
167,7,380.00,377.00,88.00,196.00,1.00,-1,-1,-1
167,12,351.00,358.00,64.00,213.00,1.00,-1,-1,-1
167,13,481.00,415.00,67.00,157.00,1.00,-1,-1,-1
168,6,149.00,343.00,89.00,230.00,1.00,-1,-1,-1
168,13,388.00,376.00,82.00,197.00,1.00,-1,-1,-1
168,12,354.00,360.00,62.00,212.00,1.00,-1,-1,-1
169,6,151.00,342.00,90.00,231.00,1.00,-1,-1,-1
169,8,546.00,368.00,181.00,205.00,1.00,-1,-1,-1
169,7,379.00,373.00,95.00,200.00,1.00,-1,-1,-1
170,6,150.00,343.00,91.00,230.00,1.00,-1,-1,-1
170,8,551.00,358.00,178.00,217.00,1.00,-1,-1,-1
170,13,389.00,372.00,88.00,201.00,1.00,-1,-1,-1
170,12,356.00,359.00,64.00,214.00,1.00,-1,-1,-1
171,6,158.00,344.00,84.00,229.00,1.00,-1,-1,-1
171,8,556.00,362.00,182.00,211.00,1.00,-1,-1,-1
172,6,158.00,345.00,85.00,229.00,1.00,-1,-1,-1
172,13,392.00,369.00,90.00,204.00,1.00,-1,-1,-1
172,12,354.00,358.00,72.00,215.00,1.00,-1,-1,-1
173,6,160.00,343.00,86.00,231.00,1.00,-1,-1,-1
173,8,571.00,357.00,170.00,217.00,1.00,-1,-1,-1
173,14,337.00,355.00,45.00,120.00,1.00,-1,-1,-1
173,12,359.00,357.00,67.00,216.00,1.00,-1,-1,-1
173,13,385.00,370.00,101.00,203.00,1.00,-1,-1,-1
174,6,165.00,338.00,83.00,236.00,1.00,-1,-1,-1
174,8,578.00,368.00,171.00,205.00,1.00,-1,-1,-1
174,14,338.00,354.00,41.00,119.00,1.00,-1,-1,-1
174,12,360.00,357.00,67.00,216.00,1.00,-1,-1,-1
174,13,380.00,371.00,118.00,203.00,1.00,-1,-1,-1
175,6,164.00,331.00,87.00,242.00,1.00,-1,-1,-1
175,8,583.00,362.00,172.00,212.00,1.00,-1,-1,-1
175,14,337.00,353.00,42.00,123.00,1.00,-1,-1,-1
175,13,368.00,373.00,175.00,202.00,1.00,-1,-1,-1
176,6,165.00,331.00,88.00,238.00,1.00,-1,-1,-1
176,8,588.00,363.00,177.00,211.00,1.00,-1,-1,-1
176,14,336.00,353.00,44.00,124.00,1.00,-1,-1,-1
176,13,378.00,377.00,131.00,196.00,1.00,-1,-1,-1
177,6,165.00,330.00,88.00,242.00,1.00,-1,-1,-1
177,8,594.00,366.00,182.00,208.00,1.00,-1,-1,-1
177,14,337.00,354.00,41.00,122.00,1.00,-1,-1,-1
177,13,375.00,379.00,177.00,194.00,1.00,-1,-1,-1
177,15,499.00,336.00,97.00,234.00,1.00,-1,-1,-1
178,6,167.00,330.00,88.00,238.00,1.00,-1,-1,-1
178,8,601.00,372.00,181.00,203.00,1.00,-1,-1,-1
178,15,502.00,338.00,131.00,235.00,1.00,-1,-1,-1
178,14,336.00,352.00,43.00,127.00,1.00,-1,-1,-1
178,13,392.00,379.00,160.00,194.00,1.00,-1,-1,-1
178,12,360.00,351.00,80.00,223.00,1.00,-1,-1,-1
178,9,247.00,346.00,30.00,168.00,1.00,-1,-1,-1
179,6,168.00,328.00,88.00,244.00,1.00,-1,-1,-1
179,8,614.00,371.00,182.00,203.00,1.00,-1,-1,-1
179,13,391.00,380.00,162.00,193.00,1.00,-1,-1,-1
179,15,504.00,334.00,125.00,237.00,1.00,-1,-1,-1
179,14,335.00,353.00,43.00,125.00,1.00,-1,-1,-1
179,9,249.00,348.00,29.00,166.00,1.00,-1,-1,-1
180,8,627.00,385.00,180.00,190.00,1.00,-1,-1,-1
180,6,171.00,328.00,86.00,241.00,1.00,-1,-1,-1
180,13,396.00,378.00,153.00,194.00,1.00,-1,-1,-1
180,14,334.00,354.00,44.00,122.00,1.00,-1,-1,-1
180,12,363.00,349.00,81.00,225.00,1.00,-1,-1,-1
181,8,636.00,393.00,184.00,180.00,1.00,-1,-1,-1
181,15,510.00,325.00,139.00,246.00,1.00,-1,-1,-1
181,6,171.00,328.00,89.00,238.00,1.00,-1,-1,-1
181,13,401.00,378.00,161.00,197.00,1.00,-1,-1,-1
181,12,364.00,352.00,87.00,223.00,1.00,-1,-1,-1
182,8,648.00,397.00,188.00,177.00,1.00,-1,-1,-1
182,15,510.00,327.00,144.00,245.00,1.00,-1,-1,-1
182,6,172.00,327.00,90.00,235.00,1.00,-1,-1,-1
182,13,399.00,378.00,164.00,194.00,1.00,-1,-1,-1
182,12,367.00,358.00,83.00,216.00,1.00,-1,-1,-1
183,6,173.00,326.00,90.00,232.00,1.00,-1,-1,-1
183,8,660.00,398.00,190.00,177.00,1.00,-1,-1,-1
183,15,515.00,328.00,144.00,244.00,1.00,-1,-1,-1
183,13,400.00,375.00,143.00,197.00,1.00,-1,-1,-1
184,6,172.00,327.00,92.00,229.00,1.00,-1,-1,-1
184,8,669.00,396.00,197.00,178.00,1.00,-1,-1,-1
184,13,374.00,371.00,169.00,203.00,1.00,-1,-1,-1
184,15,520.00,326.00,146.00,246.00,1.00,-1,-1,-1
185,6,175.00,326.00,90.00,229.00,1.00,-1,-1,-1
185,8,677.00,389.00,202.00,185.00,1.00,-1,-1,-1
185,13,377.00,368.00,185.00,206.00,1.00,-1,-1,-1
185,15,522.00,326.00,144.00,246.00,1.00,-1,-1,-1
185,12,366.00,362.00,45.00,153.00,1.00,-1,-1,-1
186,8,686.00,384.00,204.00,188.00,1.00,-1,-1,-1
186,6,177.00,326.00,88.00,228.00,1.00,-1,-1,-1
186,15,525.00,325.00,146.00,247.00,1.00,-1,-1,-1
186,13,384.00,363.00,185.00,211.00,1.00,-1,-1,-1
187,8,695.00,380.00,208.00,193.00,1.00,-1,-1,-1
187,6,181.00,325.00,85.00,228.00,1.00,-1,-1,-1
187,15,530.00,326.00,148.00,245.00,1.00,-1,-1,-1
187,12,367.00,363.00,50.00,154.00,1.00,-1,-1,-1
187,13,393.00,364.00,174.00,211.00,1.00,-1,-1,-1
188,8,703.00,369.00,214.00,204.00,1.00,-1,-1,-1
188,6,181.00,325.00,85.00,228.00,1.00,-1,-1,-1
188,15,534.00,326.00,154.00,246.00,1.00,-1,-1,-1
188,13,398.00,363.00,182.00,211.00,1.00,-1,-1,-1
188,12,368.00,365.00,53.00,152.00,1.00,-1,-1,-1
189,8,710.00,370.00,219.00,204.00,1.00,-1,-1,-1
189,6,183.00,325.00,84.00,228.00,1.00,-1,-1,-1
189,15,541.00,328.00,153.00,244.00,1.00,-1,-1,-1
189,12,368.00,359.00,57.00,160.00,1.00,-1,-1,-1
189,13,428.00,365.00,128.00,209.00,1.00,-1,-1,-1
190,8,718.00,367.00,223.00,207.00,1.00,-1,-1,-1
190,6,185.00,325.00,81.00,229.00,1.00,-1,-1,-1
190,12,374.00,361.00,52.00,158.00,1.00,-1,-1,-1
190,15,545.00,333.00,154.00,238.00,1.00,-1,-1,-1
190,13,430.00,368.00,157.00,206.00,1.00,-1,-1,-1
191,8,729.00,372.00,227.00,201.00,1.00,-1,-1,-1
191,6,186.00,324.00,80.00,230.00,1.00,-1,-1,-1
191,13,438.00,374.00,158.00,201.00,1.00,-1,-1,-1
191,15,548.00,328.00,161.00,244.00,1.00,-1,-1,-1
191,12,376.00,363.00,49.00,156.00,1.00,-1,-1,-1
192,6,185.00,324.00,81.00,229.00,1.00,-1,-1,-1
192,8,737.00,372.00,242.00,201.00,1.00,-1,-1,-1
192,13,440.00,375.00,159.00,199.00,1.00,-1,-1,-1
192,15,551.00,326.00,163.00,246.00,1.00,-1,-1,-1
192,12,376.00,362.00,52.00,160.00,1.00,-1,-1,-1
193,6,185.00,324.00,80.00,228.00,1.00,-1,-1,-1
193,8,748.00,374.00,241.00,199.00,1.00,-1,-1,-1
193,15,557.00,326.00,160.00,246.00,1.00,-1,-1,-1
193,13,444.00,377.00,161.00,195.00,1.00,-1,-1,-1
193,12,378.00,361.00,49.00,163.00,1.00,-1,-1,-1
194,6,186.00,324.00,79.00,228.00,1.00,-1,-1,-1
194,8,759.00,375.00,246.00,198.00,1.00,-1,-1,-1
194,13,447.00,379.00,166.00,194.00,1.00,-1,-1,-1
194,15,561.00,328.00,166.00,244.00,1.00,-1,-1,-1
194,12,377.00,361.00,50.00,163.00,1.00,-1,-1,-1
195,6,186.00,324.00,78.00,228.00,1.00,-1,-1,-1
195,8,767.00,381.00,247.00,191.00,1.00,-1,-1,-1
195,12,380.00,360.00,48.00,165.00,1.00,-1,-1,-1
195,13,451.00,379.00,160.00,194.00,1.00,-1,-1,-1
195,15,570.00,327.00,164.00,245.00,1.00,-1,-1,-1
196,6,186.00,324.00,78.00,227.00,1.00,-1,-1,-1
196,8,778.00,386.00,244.00,185.00,1.00,-1,-1,-1
196,15,575.00,330.00,166.00,242.00,1.00,-1,-1,-1
196,12,381.00,359.00,47.00,167.00,1.00,-1,-1,-1
196,13,453.00,378.00,165.00,198.00,1.00,-1,-1,-1
197,6,187.00,323.00,77.00,227.00,1.00,-1,-1,-1
197,8,789.00,383.00,234.00,189.00,1.00,-1,-1,-1
197,13,461.00,379.00,167.00,196.00,1.00,-1,-1,-1
197,15,581.00,323.00,170.00,249.00,1.00,-1,-1,-1
197,12,381.00,355.00,48.00,171.00,1.00,-1,-1,-1
198,8,799.00,379.00,224.00,193.00,1.00,-1,-1,-1
198,6,186.00,323.00,78.00,227.00,1.00,-1,-1,-1
198,15,586.00,319.00,174.00,253.00,1.00,-1,-1,-1
198,12,381.00,357.00,51.00,169.00,1.00,-1,-1,-1
198,13,462.00,377.00,169.00,197.00,1.00,-1,-1,-1
199,8,813.00,374.00,210.00,198.00,1.00,-1,-1,-1
199,6,188.00,322.00,75.00,228.00,1.00,-1,-1,-1
199,15,590.00,319.00,180.00,253.00,1.00,-1,-1,-1
199,13,474.00,375.00,164.00,199.00,1.00,-1,-1,-1
199,12,383.00,353.00,49.00,172.00,1.00,-1,-1,-1
200,6,190.00,322.00,73.00,227.00,1.00,-1,-1,-1
200,8,823.00,373.00,200.00,199.00,1.00,-1,-1,-1
200,15,596.00,320.00,177.00,252.00,1.00,-1,-1,-1
200,12,382.00,352.00,51.00,173.00,1.00,-1,-1,-1
200,13,463.00,373.00,182.00,202.00,1.00,-1,-1,-1
201,6,188.00,322.00,75.00,227.00,1.00,-1,-1,-1
201,8,838.00,360.00,185.00,212.00,1.00,-1,-1,-1
201,13,476.00,369.00,175.00,206.00,1.00,-1,-1,-1
201,12,381.00,350.00,54.00,174.00,1.00,-1,-1,-1
201,15,601.00,321.00,182.00,251.00,1.00,-1,-1,-1
202,6,188.00,321.00,75.00,225.00,1.00,-1,-1,-1
202,8,850.00,346.00,173.00,226.00,1.00,-1,-1,-1
202,13,476.00,368.00,177.00,207.00,1.00,-1,-1,-1
202,15,608.00,321.00,193.00,251.00,1.00,-1,-1,-1
202,12,378.00,351.00,58.00,173.00,1.00,-1,-1,-1
202,16,456.00,377.00,71.00,176.00,1.00,-1,-1,-1
203,6,189.00,320.00,75.00,222.00,1.00,-1,-1,-1
203,15,616.00,324.00,187.00,249.00,1.00,-1,-1,-1
203,13,471.00,366.00,186.00,209.00,1.00,-1,-1,-1
203,12,378.00,351.00,57.00,172.00,1.00,-1,-1,-1
203,8,867.00,336.00,156.00,236.00,1.00,-1,-1,-1
204,6,188.00,321.00,78.00,220.00,1.00,-1,-1,-1
204,16,492.00,367.00,169.00,208.00,1.00,-1,-1,-1
204,15,624.00,328.00,191.00,245.00,1.00,-1,-1,-1
204,12,379.00,351.00,58.00,174.00,1.00,-1,-1,-1
204,8,878.00,292.00,145.00,280.00,1.00,-1,-1,-1
204,9,251.00,335.00,30.00,167.00,1.00,-1,-1,-1
205,6,187.00,320.00,79.00,220.00,1.00,-1,-1,-1
205,15,632.00,330.00,196.00,242.00,1.00,-1,-1,-1
205,17,459.00,380.00,87.00,193.00,1.00,-1,-1,-1
205,12,377.00,351.00,60.00,175.00,1.00,-1,-1,-1
205,16,501.00,366.00,137.00,207.00,1.00,-1,-1,-1
205,8,896.00,343.00,127.00,227.00,1.00,-1,-1,-1
206,15,641.00,332.00,197.00,240.00,1.00,-1,-1,-1
206,6,187.00,320.00,80.00,219.00,1.00,-1,-1,-1
206,16,501.00,369.00,147.00,205.00,1.00,-1,-1,-1
206,12,377.00,351.00,61.00,176.00,1.00,-1,-1,-1
206,17,463.00,381.00,82.00,180.00,1.00,-1,-1,-1
207,6,186.00,319.00,84.00,220.00,1.00,-1,-1,-1
207,15,648.00,331.00,205.00,242.00,1.00,-1,-1,-1
207,13,503.00,373.00,171.00,201.00,1.00,-1,-1,-1
207,12,377.00,352.00,63.00,175.00,1.00,-1,-1,-1
207,17,465.00,380.00,83.00,188.00,1.00,-1,-1,-1
208,13,505.00,373.00,167.00,202.00,1.00,-1,-1,-1
208,6,189.00,319.00,82.00,218.00,1.00,-1,-1,-1
208,15,662.00,331.00,200.00,241.00,1.00,-1,-1,-1
208,12,378.00,356.00,62.00,170.00,1.00,-1,-1,-1
208,17,481.00,383.00,74.00,181.00,1.00,-1,-1,-1
209,15,669.00,329.00,205.00,243.00,1.00,-1,-1,-1
209,6,189.00,319.00,82.00,216.00,1.00,-1,-1,-1
209,13,505.00,374.00,154.00,201.00,1.00,-1,-1,-1
209,12,378.00,352.00,61.00,177.00,1.00,-1,-1,-1
209,17,489.00,381.00,76.00,190.00,1.00,-1,-1,-1
209,18,463.00,372.00,46.00,135.00,1.00,-1,-1,-1
210,15,678.00,324.00,207.00,248.00,1.00,-1,-1,-1
210,6,188.00,319.00,84.00,216.00,1.00,-1,-1,-1
210,13,500.00,375.00,166.00,198.00,1.00,-1,-1,-1
210,12,375.00,349.00,63.00,186.00,1.00,-1,-1,-1
210,17,495.00,380.00,73.00,190.00,1.00,-1,-1,-1
210,18,465.00,364.00,47.00,145.00,1.00,-1,-1,-1
211,15,686.00,326.00,211.00,246.00,1.00,-1,-1,-1
211,6,189.00,318.00,82.00,216.00,1.00,-1,-1,-1
211,13,509.00,376.00,159.00,197.00,1.00,-1,-1,-1
211,12,372.00,347.00,66.00,189.00,1.00,-1,-1,-1
211,17,497.00,375.00,76.00,196.00,1.00,-1,-1,-1
211,18,465.00,354.00,53.00,154.00,1.00,-1,-1,-1
212,15,695.00,325.00,215.00,246.00,1.00,-1,-1,-1
212,6,190.00,318.00,82.00,215.00,1.00,-1,-1,-1
212,12,372.00,349.00,65.00,187.00,1.00,-1,-1,-1
212,13,516.00,373.00,179.00,202.00,1.00,-1,-1,-1
212,17,497.00,368.00,85.00,202.00,1.00,-1,-1,-1
212,18,466.00,351.00,52.00,157.00,1.00,-1,-1,-1
213,6,189.00,316.00,81.00,217.00,1.00,-1,-1,-1
213,15,702.00,326.00,221.00,245.00,1.00,-1,-1,-1
213,12,372.00,348.00,64.00,187.00,1.00,-1,-1,-1
213,13,514.00,371.00,171.00,203.00,1.00,-1,-1,-1
213,17,499.00,365.00,90.00,205.00,1.00,-1,-1,-1
213,18,468.00,351.00,50.00,156.00,1.00,-1,-1,-1
214,6,190.00,316.00,84.00,216.00,1.00,-1,-1,-1
214,15,712.00,326.00,221.00,245.00,1.00,-1,-1,-1
214,13,519.00,369.00,173.00,205.00,1.00,-1,-1,-1
214,12,368.00,348.00,66.00,187.00,1.00,-1,-1,-1
214,18,469.00,351.00,48.00,158.00,1.00,-1,-1,-1
214,17,502.00,367.00,93.00,203.00,1.00,-1,-1,-1
215,15,720.00,326.00,225.00,246.00,1.00,-1,-1,-1
215,6,193.00,315.00,81.00,217.00,1.00,-1,-1,-1
215,13,524.00,366.00,188.00,208.00,1.00,-1,-1,-1
215,18,468.00,351.00,53.00,158.00,1.00,-1,-1,-1
215,17,503.00,363.00,102.00,207.00,1.00,-1,-1,-1
215,12,369.00,345.00,66.00,189.00,1.00,-1,-1,-1
216,15,728.00,328.00,232.00,244.00,1.00,-1,-1,-1
216,6,196.00,314.00,78.00,218.00,1.00,-1,-1,-1
216,13,535.00,363.00,177.00,211.00,1.00,-1,-1,-1
216,18,468.00,351.00,56.00,162.00,1.00,-1,-1,-1
216,17,510.00,362.00,98.00,209.00,1.00,-1,-1,-1
216,12,361.00,345.00,72.00,189.00,1.00,-1,-1,-1
217,15,738.00,327.00,238.00,246.00,1.00,-1,-1,-1
217,6,198.00,314.00,76.00,217.00,1.00,-1,-1,-1
217,13,539.00,364.00,173.00,210.00,1.00,-1,-1,-1
217,18,468.00,350.00,61.00,164.00,1.00,-1,-1,-1
217,12,376.00,344.00,57.00,189.00,1.00,-1,-1,-1
217,17,521.00,357.00,93.00,210.00,1.00,-1,-1,-1
218,15,751.00,331.00,239.00,242.00,1.00,-1,-1,-1
218,6,197.00,314.00,77.00,217.00,1.00,-1,-1,-1
218,13,549.00,366.00,174.00,209.00,1.00,-1,-1,-1
218,17,528.00,357.00,93.00,211.00,1.00,-1,-1,-1
218,18,469.00,350.00,62.00,164.00,1.00,-1,-1,-1
218,12,381.00,345.00,52.00,188.00,1.00,-1,-1,-1
219,15,761.00,332.00,250.00,240.00,1.00,-1,-1,-1
219,13,559.00,368.00,177.00,206.00,1.00,-1,-1,-1
219,6,179.00,313.00,96.00,218.00,1.00,-1,-1,-1
219,17,535.00,352.00,98.00,220.00,1.00,-1,-1,-1
219,18,471.00,352.00,61.00,163.00,1.00,-1,-1,-1
219,12,364.00,344.00,68.00,191.00,1.00,-1,-1,-1
220,15,773.00,333.00,250.00,239.00,1.00,-1,-1,-1
220,13,567.00,373.00,181.00,202.00,1.00,-1,-1,-1
220,6,173.00,312.00,104.00,219.00,1.00,-1,-1,-1
220,18,471.00,352.00,61.00,165.00,1.00,-1,-1,-1
220,17,545.00,348.00,98.00,225.00,1.00,-1,-1,-1
220,12,361.00,343.00,70.00,196.00,1.00,-1,-1,-1
221,15,787.00,338.00,237.00,234.00,1.00,-1,-1,-1
221,6,173.00,314.00,105.00,217.00,1.00,-1,-1,-1
221,17,550.00,340.00,113.00,234.00,1.00,-1,-1,-1
221,13,585.00,376.00,177.00,199.00,1.00,-1,-1,-1
221,18,473.00,352.00,62.00,166.00,1.00,-1,-1,-1
221,12,359.00,342.00,72.00,199.00,1.00,-1,-1,-1
222,15,800.00,339.00,224.00,233.00,1.00,-1,-1,-1
222,6,173.00,312.00,103.00,219.00,1.00,-1,-1,-1
222,17,551.00,338.00,120.00,236.00,1.00,-1,-1,-1
222,13,606.00,380.00,171.00,196.00,1.00,-1,-1,-1
222,18,476.00,353.00,61.00,166.00,1.00,-1,-1,-1
222,12,358.00,343.00,73.00,197.00,1.00,-1,-1,-1
223,15,815.00,344.00,208.00,228.00,1.00,-1,-1,-1
223,6,176.00,311.00,101.00,220.00,1.00,-1,-1,-1
223,17,560.00,336.00,124.00,237.00,1.00,-1,-1,-1
223,12,355.00,344.00,76.00,197.00,1.00,-1,-1,-1
223,13,618.00,383.00,175.00,191.00,1.00,-1,-1,-1
223,18,479.00,355.00,61.00,165.00,1.00,-1,-1,-1
224,15,825.00,344.00,198.00,228.00,1.00,-1,-1,-1
224,6,178.00,311.00,100.00,220.00,1.00,-1,-1,-1
224,13,635.00,381.00,194.00,193.00,1.00,-1,-1,-1
224,17,564.00,331.00,132.00,243.00,1.00,-1,-1,-1
224,18,481.00,355.00,61.00,165.00,1.00,-1,-1,-1
224,12,356.00,346.00,73.00,196.00,1.00,-1,-1,-1
225,15,837.00,344.00,186.00,228.00,1.00,-1,-1,-1
225,6,183.00,311.00,95.00,219.00,1.00,-1,-1,-1
225,13,653.00,382.00,179.00,193.00,1.00,-1,-1,-1
225,17,568.00,330.00,140.00,243.00,1.00,-1,-1,-1
225,12,357.00,345.00,73.00,200.00,1.00,-1,-1,-1
225,18,483.00,354.00,60.00,165.00,1.00,-1,-1,-1
226,15,851.00,354.00,168.00,219.00,1.00,-1,-1,-1
226,6,190.00,311.00,88.00,219.00,1.00,-1,-1,-1
226,13,672.00,385.00,171.00,191.00,1.00,-1,-1,-1
226,12,356.00,344.00,75.00,204.00,1.00,-1,-1,-1
226,18,487.00,354.00,58.00,164.00,1.00,-1,-1,-1
226,17,573.00,329.00,134.00,244.00,1.00,-1,-1,-1
227,6,195.00,311.00,83.00,219.00,1.00,-1,-1,-1
227,15,862.00,352.00,161.00,220.00,1.00,-1,-1,-1
227,13,687.00,387.00,174.00,187.00,1.00,-1,-1,-1
227,17,580.00,330.00,143.00,243.00,1.00,-1,-1,-1
227,12,358.00,343.00,73.00,205.00,1.00,-1,-1,-1
227,18,489.00,354.00,56.00,164.00,1.00,-1,-1,-1
228,13,704.00,386.00,178.00,188.00,1.00,-1,-1,-1
228,6,197.00,311.00,80.00,219.00,1.00,-1,-1,-1
228,15,872.00,350.00,151.00,223.00,1.00,-1,-1,-1
228,12,359.00,344.00,70.00,204.00,1.00,-1,-1,-1
228,18,490.00,353.00,55.00,164.00,1.00,-1,-1,-1
228,17,584.00,330.00,136.00,243.00,1.00,-1,-1,-1
229,6,198.00,311.00,80.00,219.00,1.00,-1,-1,-1
229,15,886.00,357.00,137.00,216.00,1.00,-1,-1,-1
229,13,724.00,382.00,180.00,192.00,1.00,-1,-1,-1
229,12,361.00,344.00,70.00,204.00,1.00,-1,-1,-1
229,17,596.00,327.00,144.00,247.00,1.00,-1,-1,-1
229,18,490.00,350.00,56.00,167.00,1.00,-1,-1,-1
230,13,740.00,381.00,179.00,193.00,1.00,-1,-1,-1
230,15,895.00,355.00,128.00,218.00,1.00,-1,-1,-1
230,6,197.00,311.00,81.00,218.00,1.00,-1,-1,-1
230,17,601.00,332.00,149.00,242.00,1.00,-1,-1,-1
230,12,359.00,344.00,70.00,204.00,1.00,-1,-1,-1
230,18,491.00,352.00,55.00,167.00,1.00,-1,-1,-1
231,17,605.00,335.00,158.00,239.00,1.00,-1,-1,-1
231,6,199.00,311.00,79.00,219.00,1.00,-1,-1,-1
231,13,756.00,378.00,185.00,196.00,1.00,-1,-1,-1
231,15,909.00,357.00,114.00,216.00,1.00,-1,-1,-1
231,18,496.00,355.00,52.00,163.00,1.00,-1,-1,-1
231,12,361.00,342.00,64.00,206.00,1.00,-1,-1,-1
231,19,386.00,342.00,48.00,184.00,1.00,-1,-1,-1
232,13,770.00,372.00,192.00,202.00,1.00,-1,-1,-1
232,17,611.00,337.00,161.00,236.00,1.00,-1,-1,-1
232,6,199.00,311.00,79.00,219.00,1.00,-1,-1,-1
232,15,928.00,359.00,95.00,215.00,1.00,-1,-1,-1
232,12,365.00,341.00,69.00,206.00,1.00,-1,-1,-1
232,18,494.00,354.00,54.00,165.00,1.00,-1,-1,-1
233,13,789.00,374.00,187.00,200.00,1.00,-1,-1,-1
233,17,616.00,341.00,168.00,232.00,1.00,-1,-1,-1
233,6,199.00,311.00,79.00,219.00,1.00,-1,-1,-1
233,12,363.00,341.00,73.00,206.00,1.00,-1,-1,-1
233,18,494.00,352.00,55.00,170.00,1.00,-1,-1,-1
233,15,946.00,439.00,77.00,136.00,1.00,-1,-1,-1
234,17,627.00,341.00,168.00,233.00,1.00,-1,-1,-1
234,6,198.00,311.00,80.00,218.00,1.00,-1,-1,-1
234,13,808.00,374.00,208.00,200.00,1.00,-1,-1,-1
234,12,360.00,341.00,78.00,211.00,1.00,-1,-1,-1
234,18,494.00,348.00,54.00,161.00,1.00,-1,-1,-1
235,13,829.00,376.00,194.00,198.00,1.00,-1,-1,-1
235,17,635.00,338.00,172.00,235.00,1.00,-1,-1,-1
235,6,198.00,311.00,81.00,218.00,1.00,-1,-1,-1
235,12,358.00,340.00,78.00,213.00,1.00,-1,-1,-1
235,18,494.00,347.00,54.00,163.00,1.00,-1,-1,-1
236,13,850.00,380.00,173.00,195.00,1.00,-1,-1,-1
236,6,198.00,311.00,80.00,218.00,1.00,-1,-1,-1
236,17,644.00,337.00,172.00,236.00,1.00,-1,-1,-1
236,12,358.00,341.00,77.00,213.00,1.00,-1,-1,-1
236,18,496.00,353.00,52.00,167.00,1.00,-1,-1,-1
237,13,879.00,385.00,144.00,189.00,1.00,-1,-1,-1
237,6,197.00,311.00,81.00,218.00,1.00,-1,-1,-1
237,17,655.00,338.00,172.00,236.00,1.00,-1,-1,-1
237,12,357.00,341.00,83.00,212.00,1.00,-1,-1,-1
237,18,499.00,355.00,49.00,169.00,1.00,-1,-1,-1
238,6,197.00,311.00,81.00,218.00,1.00,-1,-1,-1
238,17,664.00,336.00,172.00,238.00,1.00,-1,-1,-1
238,12,355.00,342.00,82.00,212.00,1.00,-1,-1,-1
238,13,906.00,390.00,117.00,183.00,1.00,-1,-1,-1
238,18,499.00,351.00,49.00,171.00,1.00,-1,-1,-1
239,17,666.00,335.00,177.00,238.00,1.00,-1,-1,-1
239,6,196.00,311.00,82.00,218.00,1.00,-1,-1,-1
239,12,352.00,343.00,84.00,213.00,1.00,-1,-1,-1
239,18,499.00,352.00,49.00,170.00,1.00,-1,-1,-1
239,13,937.00,391.00,86.00,179.00,1.00,-1,-1,-1
240,17,672.00,333.00,183.00,240.00,1.00,-1,-1,-1
240,6,196.00,310.00,81.00,219.00,1.00,-1,-1,-1
240,19,349.00,342.00,84.00,219.00,1.00,-1,-1,-1
240,18,499.00,355.00,49.00,170.00,1.00,-1,-1,-1
241,17,681.00,328.00,183.00,245.00,1.00,-1,-1,-1
241,6,197.00,310.00,79.00,219.00,1.00,-1,-1,-1
241,19,348.00,344.00,83.00,222.00,1.00,-1,-1,-1
241,18,502.00,359.00,47.00,167.00,1.00,-1,-1,-1
242,17,690.00,324.00,185.00,249.00,1.00,-1,-1,-1
242,6,197.00,310.00,78.00,219.00,1.00,-1,-1,-1
242,19,347.00,342.00,81.00,224.00,1.00,-1,-1,-1
243,17,697.00,323.00,188.00,250.00,1.00,-1,-1,-1
243,6,197.00,310.00,78.00,218.00,1.00,-1,-1,-1
243,19,347.00,341.00,78.00,223.00,1.00,-1,-1,-1
243,18,503.00,360.00,46.00,169.00,1.00,-1,-1,-1
244,17,704.00,323.00,191.00,249.00,1.00,-1,-1,-1
244,6,197.00,309.00,78.00,219.00,1.00,-1,-1,-1
244,19,345.00,345.00,80.00,221.00,1.00,-1,-1,-1
244,18,501.00,357.00,49.00,170.00,1.00,-1,-1,-1
245,17,714.00,323.00,194.00,249.00,1.00,-1,-1,-1
245,6,197.00,309.00,78.00,219.00,1.00,-1,-1,-1
245,19,346.00,337.00,75.00,228.00,1.00,-1,-1,-1
245,18,502.00,355.00,49.00,174.00,1.00,-1,-1,-1
246,17,720.00,329.00,199.00,243.00,1.00,-1,-1,-1
246,6,197.00,309.00,77.00,219.00,1.00,-1,-1,-1
246,19,344.00,338.00,77.00,227.00,1.00,-1,-1,-1
246,18,501.00,355.00,49.00,174.00,1.00,-1,-1,-1
247,17,730.00,329.00,200.00,244.00,1.00,-1,-1,-1
247,6,197.00,309.00,77.00,218.00,1.00,-1,-1,-1
247,19,345.00,337.00,71.00,227.00,1.00,-1,-1,-1
247,18,501.00,354.00,50.00,176.00,1.00,-1,-1,-1
247,20,404.00,340.00,34.00,152.00,1.00,-1,-1,-1
248,17,738.00,333.00,203.00,239.00,1.00,-1,-1,-1
248,6,196.00,309.00,78.00,218.00,1.00,-1,-1,-1
248,19,346.00,338.00,71.00,226.00,1.00,-1,-1,-1
248,18,501.00,354.00,49.00,175.00,1.00,-1,-1,-1
248,20,404.00,347.00,34.00,144.00,1.00,-1,-1,-1
249,6,196.00,309.00,78.00,218.00,1.00,-1,-1,-1
249,17,751.00,338.00,201.00,235.00,1.00,-1,-1,-1
249,19,345.00,338.00,70.00,225.00,1.00,-1,-1,-1
249,18,501.00,354.00,48.00,176.00,1.00,-1,-1,-1
249,20,405.00,352.00,35.00,139.00,1.00,-1,-1,-1
250,6,196.00,309.00,77.00,218.00,1.00,-1,-1,-1
250,17,760.00,339.00,210.00,233.00,1.00,-1,-1,-1
250,19,344.00,339.00,75.00,226.00,1.00,-1,-1,-1
250,18,501.00,352.00,48.00,179.00,1.00,-1,-1,-1
250,20,404.00,352.00,36.00,139.00,1.00,-1,-1,-1
251,6,196.00,309.00,77.00,218.00,1.00,-1,-1,-1
251,17,772.00,343.00,214.00,229.00,1.00,-1,-1,-1
251,19,343.00,338.00,77.00,230.00,1.00,-1,-1,-1
251,20,404.00,349.00,38.00,142.00,1.00,-1,-1,-1
251,18,501.00,353.00,48.00,181.00,1.00,-1,-1,-1
252,6,195.00,309.00,78.00,218.00,1.00,-1,-1,-1
252,17,783.00,342.00,218.00,230.00,1.00,-1,-1,-1
252,19,341.00,338.00,80.00,232.00,1.00,-1,-1,-1
252,18,501.00,353.00,47.00,179.00,1.00,-1,-1,-1
252,20,404.00,340.00,38.00,152.00,1.00,-1,-1,-1
253,6,193.00,309.00,80.00,218.00,1.00,-1,-1,-1
253,19,339.00,339.00,82.00,232.00,1.00,-1,-1,-1
253,17,794.00,345.00,213.00,228.00,1.00,-1,-1,-1
253,18,500.00,354.00,47.00,180.00,1.00,-1,-1,-1
253,20,403.00,339.00,39.00,153.00,1.00,-1,-1,-1
254,6,191.00,308.00,82.00,219.00,1.00,-1,-1,-1
254,17,803.00,346.00,219.00,227.00,1.00,-1,-1,-1
254,19,339.00,339.00,84.00,232.00,1.00,-1,-1,-1
254,18,499.00,355.00,48.00,180.00,1.00,-1,-1,-1
254,20,402.00,338.00,41.00,152.00,1.00,-1,-1,-1
255,6,187.00,309.00,86.00,217.00,1.00,-1,-1,-1
255,19,335.00,340.00,87.00,231.00,1.00,-1,-1,-1
255,17,818.00,338.00,205.00,235.00,1.00,-1,-1,-1
256,6,185.00,309.00,87.00,218.00,1.00,-1,-1,-1
256,17,830.00,336.00,193.00,237.00,1.00,-1,-1,-1
256,19,335.00,341.00,90.00,230.00,1.00,-1,-1,-1
256,18,499.00,360.00,48.00,182.00,1.00,-1,-1,-1
257,6,185.00,309.00,88.00,218.00,1.00,-1,-1,-1
257,19,334.00,340.00,93.00,231.00,1.00,-1,-1,-1
257,17,837.00,334.00,186.00,239.00,1.00,-1,-1,-1
257,18,498.00,359.00,49.00,182.00,1.00,-1,-1,-1
258,6,186.00,308.00,86.00,218.00,1.00,-1,-1,-1
258,17,848.00,331.00,175.00,243.00,1.00,-1,-1,-1
258,19,333.00,342.00,95.00,230.00,1.00,-1,-1,-1
258,18,497.00,357.00,52.00,187.00,1.00,-1,-1,-1
259,6,187.00,308.00,87.00,217.00,1.00,-1,-1,-1
259,17,855.00,328.00,168.00,246.00,1.00,-1,-1,-1
259,19,334.00,340.00,94.00,230.00,1.00,-1,-1,-1
259,18,496.00,355.00,52.00,186.00,1.00,-1,-1,-1
260,6,188.00,308.00,85.00,217.00,1.00,-1,-1,-1
260,17,867.00,330.00,156.00,242.00,1.00,-1,-1,-1
260,19,332.00,339.00,95.00,231.00,1.00,-1,-1,-1
261,6,189.00,308.00,81.00,217.00,1.00,-1,-1,-1
261,17,879.00,330.00,144.00,244.00,1.00,-1,-1,-1
261,19,331.00,338.00,95.00,233.00,1.00,-1,-1,-1
261,18,494.00,353.00,53.00,199.00,1.00,-1,-1,-1
262,6,190.00,308.00,79.00,217.00,1.00,-1,-1,-1
262,17,891.00,331.00,132.00,242.00,1.00,-1,-1,-1
262,19,330.00,337.00,97.00,236.00,1.00,-1,-1,-1
262,18,494.00,351.00,53.00,199.00,1.00,-1,-1,-1
263,17,902.00,334.00,121.00,240.00,1.00,-1,-1,-1
263,6,192.00,308.00,77.00,217.00,1.00,-1,-1,-1
263,19,329.00,336.00,96.00,238.00,1.00,-1,-1,-1
263,18,493.00,349.00,54.00,202.00,1.00,-1,-1,-1
263,20,401.00,354.00,46.00,143.00,1.00,-1,-1,-1
264,6,192.00,308.00,77.00,216.00,1.00,-1,-1,-1
264,18,492.00,348.00,55.00,209.00,1.00,-1,-1,-1
264,17,915.00,339.00,108.00,234.00,1.00,-1,-1,-1
264,19,330.00,337.00,95.00,236.00,1.00,-1,-1,-1
264,20,402.00,356.00,45.00,140.00,1.00,-1,-1,-1
265,6,192.00,306.00,78.00,219.00,1.00,-1,-1,-1
265,18,490.00,348.00,57.00,208.00,1.00,-1,-1,-1
265,19,337.00,338.00,89.00,237.00,1.00,-1,-1,-1
265,20,400.00,351.00,46.00,137.00,1.00,-1,-1,-1
265,17,928.00,341.00,95.00,232.00,1.00,-1,-1,-1
266,6,193.00,306.00,76.00,219.00,1.00,-1,-1,-1
266,18,486.00,349.00,60.00,209.00,1.00,-1,-1,-1
266,19,334.00,338.00,93.00,237.00,1.00,-1,-1,-1
266,20,399.00,348.00,47.00,140.00,1.00,-1,-1,-1
267,6,193.00,306.00,76.00,219.00,1.00,-1,-1,-1
267,18,477.00,350.00,70.00,211.00,1.00,-1,-1,-1
267,19,331.00,336.00,97.00,237.00,1.00,-1,-1,-1
267,20,397.00,342.00,50.00,146.00,1.00,-1,-1,-1
268,6,192.00,307.00,78.00,218.00,1.00,-1,-1,-1
268,19,324.00,338.00,104.00,235.00,1.00,-1,-1,-1
268,18,479.00,350.00,68.00,209.00,1.00,-1,-1,-1
268,20,398.00,348.00,50.00,142.00,1.00,-1,-1,-1
269,6,192.00,307.00,78.00,219.00,1.00,-1,-1,-1
269,18,469.00,352.00,77.00,211.00,1.00,-1,-1,-1
269,19,324.00,339.00,103.00,234.00,1.00,-1,-1,-1
269,20,399.00,338.00,50.00,157.00,1.00,-1,-1,-1
270,6,192.00,307.00,78.00,219.00,1.00,-1,-1,-1
270,19,326.00,340.00,101.00,233.00,1.00,-1,-1,-1
270,18,467.00,353.00,78.00,211.00,1.00,-1,-1,-1
270,20,400.00,336.00,49.00,160.00,1.00,-1,-1,-1
271,6,192.00,307.00,78.00,219.00,1.00,-1,-1,-1
271,18,464.00,357.00,79.00,209.00,1.00,-1,-1,-1
271,19,327.00,339.00,90.00,232.00,1.00,-1,-1,-1
271,20,398.00,331.00,54.00,169.00,1.00,-1,-1,-1
272,6,192.00,307.00,78.00,219.00,1.00,-1,-1,-1
272,18,465.00,357.00,78.00,211.00,1.00,-1,-1,-1
272,19,326.00,341.00,92.00,231.00,1.00,-1,-1,-1
272,20,400.00,334.00,51.00,167.00,1.00,-1,-1,-1
273,6,193.00,308.00,78.00,218.00,1.00,-1,-1,-1
273,18,465.00,358.00,78.00,211.00,1.00,-1,-1,-1
273,19,325.00,342.00,90.00,231.00,1.00,-1,-1,-1
273,20,400.00,335.00,52.00,167.00,1.00,-1,-1,-1
274,6,193.00,308.00,78.00,218.00,1.00,-1,-1,-1
274,18,464.00,358.00,78.00,211.00,1.00,-1,-1,-1
274,20,400.00,335.00,53.00,169.00,1.00,-1,-1,-1
274,19,320.00,341.00,94.00,232.00,1.00,-1,-1,-1
275,6,193.00,308.00,78.00,218.00,1.00,-1,-1,-1
275,19,316.00,341.00,95.00,230.00,1.00,-1,-1,-1
275,18,461.00,357.00,80.00,212.00,1.00,-1,-1,-1
275,20,403.00,350.00,50.00,157.00,1.00,-1,-1,-1
276,6,194.00,308.00,77.00,218.00,1.00,-1,-1,-1
276,19,315.00,339.00,97.00,232.00,1.00,-1,-1,-1
276,18,459.00,354.00,79.00,214.00,1.00,-1,-1,-1
276,20,405.00,359.00,51.00,148.00,1.00,-1,-1,-1
277,6,194.00,308.00,77.00,218.00,1.00,-1,-1,-1
277,19,312.00,337.00,93.00,236.00,1.00,-1,-1,-1
277,20,407.00,355.00,55.00,154.00,1.00,-1,-1,-1
277,18,460.00,354.00,74.00,213.00,1.00,-1,-1,-1
278,6,193.00,308.00,79.00,218.00,1.00,-1,-1,-1
278,19,311.00,336.00,93.00,238.00,1.00,-1,-1,-1
278,20,409.00,356.00,50.00,153.00,1.00,-1,-1,-1
278,18,457.00,349.00,75.00,220.00,1.00,-1,-1,-1
279,6,195.00,308.00,76.00,218.00,1.00,-1,-1,-1
279,19,307.00,337.00,95.00,236.00,1.00,-1,-1,-1
279,18,457.00,350.00,71.00,218.00,1.00,-1,-1,-1
279,20,409.00,354.00,50.00,156.00,1.00,-1,-1,-1
280,6,195.00,309.00,77.00,217.00,1.00,-1,-1,-1
280,19,305.00,335.00,94.00,239.00,1.00,-1,-1,-1
280,18,456.00,349.00,69.00,222.00,1.00,-1,-1,-1
280,20,411.00,352.00,48.00,160.00,1.00,-1,-1,-1
281,6,195.00,309.00,77.00,217.00,1.00,-1,-1,-1
281,19,302.00,335.00,96.00,239.00,1.00,-1,-1,-1
281,18,456.00,346.00,69.00,224.00,1.00,-1,-1,-1
281,20,412.00,351.00,49.00,162.00,1.00,-1,-1,-1
282,6,196.00,309.00,76.00,217.00,1.00,-1,-1,-1
282,18,454.00,346.00,69.00,226.00,1.00,-1,-1,-1
282,20,412.00,351.00,49.00,164.00,1.00,-1,-1,-1
282,19,288.00,336.00,108.00,238.00,1.00,-1,-1,-1
283,6,195.00,310.00,80.00,216.00,1.00,-1,-1,-1
283,19,287.00,336.00,108.00,233.00,1.00,-1,-1,-1
283,18,452.00,346.00,71.00,225.00,1.00,-1,-1,-1
283,20,413.00,354.00,49.00,157.00,1.00,-1,-1,-1
284,6,195.00,310.00,81.00,216.00,1.00,-1,-1,-1
284,19,287.00,337.00,106.00,232.00,1.00,-1,-1,-1
284,18,449.00,347.00,71.00,223.00,1.00,-1,-1,-1
284,20,413.00,356.00,47.00,154.00,1.00,-1,-1,-1
284,21,0.00,301.00,24.00,136.00,1.00,-1,-1,-1
285,6,195.00,309.00,83.00,217.00,1.00,-1,-1,-1
285,19,285.00,339.00,108.00,233.00,1.00,-1,-1,-1
285,18,447.00,348.00,71.00,221.00,1.00,-1,-1,-1
285,20,414.00,358.00,47.00,150.00,1.00,-1,-1,-1
285,21,0.00,302.00,24.00,133.00,1.00,-1,-1,-1
286,6,195.00,309.00,82.00,217.00,1.00,-1,-1,-1
286,19,282.00,339.00,109.00,235.00,1.00,-1,-1,-1
286,18,447.00,349.00,70.00,221.00,1.00,-1,-1,-1
286,21,0.00,301.00,25.00,135.00,1.00,-1,-1,-1
287,6,197.00,309.00,80.00,217.00,1.00,-1,-1,-1
287,19,282.00,340.00,108.00,234.00,1.00,-1,-1,-1
287,18,449.00,352.00,66.00,220.00,1.00,-1,-1,-1
287,21,0.00,302.00,25.00,133.00,1.00,-1,-1,-1
287,20,419.00,359.00,45.00,153.00,1.00,-1,-1,-1
288,6,196.00,309.00,82.00,217.00,1.00,-1,-1,-1
288,19,276.00,339.00,114.00,235.00,1.00,-1,-1,-1
288,18,443.00,353.00,69.00,220.00,1.00,-1,-1,-1
288,21,0.00,302.00,27.00,133.00,1.00,-1,-1,-1
289,6,197.00,309.00,80.00,217.00,1.00,-1,-1,-1
289,19,274.00,339.00,113.00,234.00,1.00,-1,-1,-1
289,18,426.00,353.00,85.00,221.00,1.00,-1,-1,-1
289,21,0.00,303.00,29.00,132.00,1.00,-1,-1,-1
290,6,197.00,309.00,80.00,217.00,1.00,-1,-1,-1
290,19,271.00,338.00,114.00,234.00,1.00,-1,-1,-1
290,18,427.00,353.00,83.00,221.00,1.00,-1,-1,-1
290,21,0.00,306.00,32.00,128.00,1.00,-1,-1,-1
291,6,197.00,309.00,82.00,217.00,1.00,-1,-1,-1
291,18,427.00,351.00,82.00,223.00,1.00,-1,-1,-1
291,19,271.00,338.00,118.00,235.00,1.00,-1,-1,-1
291,21,0.00,306.00,37.00,130.00,1.00,-1,-1,-1
292,6,197.00,310.00,83.00,216.00,1.00,-1,-1,-1
292,18,428.00,349.00,79.00,223.00,1.00,-1,-1,-1
292,19,267.00,337.00,105.00,235.00,1.00,-1,-1,-1
292,21,0.00,308.00,38.00,131.00,1.00,-1,-1,-1
293,6,197.00,310.00,83.00,216.00,1.00,-1,-1,-1
293,18,429.00,348.00,78.00,225.00,1.00,-1,-1,-1
293,19,261.00,336.00,109.00,236.00,1.00,-1,-1,-1
293,21,0.00,310.00,38.00,126.00,1.00,-1,-1,-1
294,6,198.00,310.00,82.00,216.00,1.00,-1,-1,-1
294,18,430.00,347.00,75.00,227.00,1.00,-1,-1,-1
294,19,252.00,336.00,116.00,237.00,1.00,-1,-1,-1
294,21,0.00,311.00,39.00,126.00,1.00,-1,-1,-1
295,6,198.00,311.00,83.00,215.00,1.00,-1,-1,-1
295,18,430.00,347.00,74.00,227.00,1.00,-1,-1,-1
295,19,245.00,336.00,120.00,237.00,1.00,-1,-1,-1
295,21,0.00,312.00,41.00,124.00,1.00,-1,-1,-1
296,6,198.00,309.00,82.00,216.00,1.00,-1,-1,-1
296,18,429.00,346.00,75.00,229.00,1.00,-1,-1,-1
296,19,236.00,338.00,132.00,238.00,1.00,-1,-1,-1
296,21,0.00,312.00,43.00,124.00,1.00,-1,-1,-1
297,6,198.00,309.00,83.00,216.00,1.00,-1,-1,-1
297,18,428.00,348.00,76.00,227.00,1.00,-1,-1,-1
297,19,221.00,337.00,139.00,238.00,1.00,-1,-1,-1
297,21,0.00,314.00,45.00,121.00,1.00,-1,-1,-1
298,6,198.00,309.00,82.00,216.00,1.00,-1,-1,-1
298,18,426.00,346.00,77.00,228.00,1.00,-1,-1,-1
298,21,0.00,315.00,46.00,120.00,1.00,-1,-1,-1
298,19,235.00,338.00,120.00,238.00,1.00,-1,-1,-1
299,6,199.00,309.00,78.00,217.00,1.00,-1,-1,-1
299,18,425.00,348.00,77.00,227.00,1.00,-1,-1,-1
299,21,0.00,316.00,47.00,119.00,1.00,-1,-1,-1
299,19,223.00,339.00,129.00,236.00,1.00,-1,-1,-1
300,6,184.00,309.00,89.00,217.00,1.00,-1,-1,-1
300,18,423.00,348.00,78.00,227.00,1.00,-1,-1,-1
300,21,0.00,316.00,48.00,119.00,1.00,-1,-1,-1
301,18,415.00,348.00,86.00,226.00,1.00,-1,-1,-1
301,6,174.00,309.00,97.00,217.00,1.00,-1,-1,-1
301,21,0.00,319.00,54.00,115.00,1.00,-1,-1,-1
301,19,200.00,339.00,140.00,236.00,1.00,-1,-1,-1
302,18,412.00,349.00,87.00,225.00,1.00,-1,-1,-1
302,21,0.00,319.00,56.00,116.00,1.00,-1,-1,-1
302,6,173.00,310.00,96.00,215.00,1.00,-1,-1,-1
302,19,171.00,340.00,179.00,235.00,1.00,-1,-1,-1
303,18,410.00,350.00,88.00,224.00,1.00,-1,-1,-1
303,21,0.00,318.00,58.00,117.00,1.00,-1,-1,-1
303,19,165.00,341.00,192.00,234.00,1.00,-1,-1,-1
303,6,170.00,310.00,99.00,214.00,1.00,-1,-1,-1
303,22,200.00,310.00,68.00,210.00,1.00,-1,-1,-1
304,18,410.00,351.00,89.00,224.00,1.00,-1,-1,-1
304,21,0.00,318.00,60.00,117.00,1.00,-1,-1,-1
304,22,155.00,342.00,187.00,232.00,1.00,-1,-1,-1
305,18,410.00,352.00,88.00,224.00,1.00,-1,-1,-1
305,21,0.00,319.00,61.00,116.00,1.00,-1,-1,-1
305,22,146.00,342.00,187.00,231.00,1.00,-1,-1,-1
306,18,410.00,354.00,87.00,222.00,1.00,-1,-1,-1
306,21,0.00,320.00,64.00,115.00,1.00,-1,-1,-1
306,22,149.00,340.00,184.00,233.00,1.00,-1,-1,-1
306,6,201.00,309.00,59.00,117.00,1.00,-1,-1,-1
307,18,410.00,354.00,87.00,221.00,1.00,-1,-1,-1
307,21,4.00,320.00,62.00,116.00,1.00,-1,-1,-1
307,6,201.00,309.00,54.00,117.00,1.00,-1,-1,-1
307,23,479.00,366.00,44.00,169.00,1.00,-1,-1,-1
308,18,410.00,354.00,83.00,221.00,1.00,-1,-1,-1
308,19,182.00,339.00,141.00,234.00,1.00,-1,-1,-1
308,21,0.00,321.00,69.00,116.00,1.00,-1,-1,-1
308,23,479.00,366.00,45.00,170.00,1.00,-1,-1,-1
308,6,201.00,309.00,52.00,112.00,1.00,-1,-1,-1
309,18,408.00,354.00,86.00,221.00,1.00,-1,-1,-1
309,22,126.00,338.00,190.00,235.00,1.00,-1,-1,-1
309,21,1.00,323.00,72.00,114.00,1.00,-1,-1,-1
309,23,479.00,366.00,46.00,172.00,1.00,-1,-1,-1
309,6,199.00,310.00,53.00,102.00,1.00,-1,-1,-1
310,18,406.00,353.00,89.00,222.00,1.00,-1,-1,-1
310,22,130.00,337.00,183.00,236.00,1.00,-1,-1,-1
310,21,3.00,324.00,74.00,118.00,1.00,-1,-1,-1
310,23,480.00,365.00,49.00,179.00,1.00,-1,-1,-1
310,6,200.00,310.00,51.00,101.00,1.00,-1,-1,-1
311,22,134.00,338.00,177.00,235.00,1.00,-1,-1,-1
311,18,406.00,352.00,89.00,223.00,1.00,-1,-1,-1
311,21,6.00,325.00,74.00,124.00,1.00,-1,-1,-1
311,23,485.00,363.00,43.00,183.00,1.00,-1,-1,-1
311,6,199.00,309.00,51.00,92.00,1.00,-1,-1,-1
312,22,148.00,333.00,157.00,240.00,1.00,-1,-1,-1
312,18,406.00,350.00,90.00,225.00,1.00,-1,-1,-1
312,21,8.00,325.00,75.00,124.00,1.00,-1,-1,-1
312,23,479.00,360.00,51.00,184.00,1.00,-1,-1,-1
313,22,150.00,330.00,152.00,243.00,1.00,-1,-1,-1
313,18,405.00,348.00,91.00,228.00,1.00,-1,-1,-1
313,21,11.00,324.00,76.00,131.00,1.00,-1,-1,-1
313,23,481.00,356.00,53.00,188.00,1.00,-1,-1,-1
314,18,406.00,344.00,93.00,232.00,1.00,-1,-1,-1
314,22,151.00,337.00,143.00,235.00,1.00,-1,-1,-1
314,21,14.00,323.00,77.00,134.00,1.00,-1,-1,-1
314,23,479.00,353.00,54.00,190.00,1.00,-1,-1,-1
315,18,406.00,343.00,95.00,233.00,1.00,-1,-1,-1
315,22,150.00,338.00,138.00,234.00,1.00,-1,-1,-1
315,21,15.00,322.00,79.00,134.00,1.00,-1,-1,-1
315,23,479.00,350.00,57.00,193.00,1.00,-1,-1,-1
316,18,406.00,343.00,98.00,232.00,1.00,-1,-1,-1
316,22,150.00,339.00,135.00,234.00,1.00,-1,-1,-1
316,21,17.00,322.00,79.00,134.00,1.00,-1,-1,-1
316,23,481.00,349.00,59.00,195.00,1.00,-1,-1,-1
317,18,407.00,345.00,97.00,231.00,1.00,-1,-1,-1
317,22,154.00,344.00,127.00,230.00,1.00,-1,-1,-1
317,21,18.00,322.00,80.00,134.00,1.00,-1,-1,-1
317,23,482.00,350.00,59.00,192.00,1.00,-1,-1,-1
317,6,214.00,310.00,69.00,114.00,1.00,-1,-1,-1
318,18,410.00,348.00,96.00,228.00,1.00,-1,-1,-1
318,22,145.00,346.00,133.00,228.00,1.00,-1,-1,-1
318,21,20.00,321.00,80.00,133.00,1.00,-1,-1,-1
318,23,485.00,351.00,58.00,191.00,1.00,-1,-1,-1
318,6,215.00,310.00,67.00,122.00,1.00,-1,-1,-1
319,18,410.00,349.00,98.00,226.00,1.00,-1,-1,-1
319,22,146.00,347.00,129.00,227.00,1.00,-1,-1,-1
319,21,22.00,320.00,81.00,134.00,1.00,-1,-1,-1
319,23,491.00,352.00,55.00,193.00,1.00,-1,-1,-1
320,22,135.00,348.00,134.00,226.00,1.00,-1,-1,-1
320,18,409.00,349.00,98.00,225.00,1.00,-1,-1,-1
320,23,495.00,355.00,52.00,192.00,1.00,-1,-1,-1
320,21,24.00,320.00,82.00,132.00,1.00,-1,-1,-1
321,22,112.00,342.00,153.00,233.00,1.00,-1,-1,-1
321,21,24.00,320.00,83.00,127.00,1.00,-1,-1,-1
321,18,411.00,352.00,95.00,223.00,1.00,-1,-1,-1
321,23,494.00,356.00,53.00,191.00,1.00,-1,-1,-1
321,6,213.00,310.00,68.00,181.00,1.00,-1,-1,-1
322,18,414.00,355.00,95.00,220.00,1.00,-1,-1,-1
322,21,26.00,320.00,83.00,124.00,1.00,-1,-1,-1
322,22,139.00,342.00,123.00,232.00,1.00,-1,-1,-1
322,23,496.00,356.00,51.00,197.00,1.00,-1,-1,-1
322,6,212.00,309.00,65.00,180.00,1.00,-1,-1,-1
323,18,416.00,353.00,94.00,223.00,1.00,-1,-1,-1
323,21,28.00,320.00,81.00,122.00,1.00,-1,-1,-1
323,23,498.00,358.00,53.00,192.00,1.00,-1,-1,-1
323,19,92.00,340.00,166.00,234.00,1.00,-1,-1,-1
323,6,212.00,309.00,66.00,179.00,1.00,-1,-1,-1
323,22,142.00,344.00,116.00,231.00,1.00,-1,-1,-1
324,18,416.00,350.00,103.00,226.00,1.00,-1,-1,-1
324,21,30.00,320.00,80.00,122.00,1.00,-1,-1,-1
324,19,79.00,336.00,170.00,237.00,1.00,-1,-1,-1
324,23,500.00,360.00,52.00,191.00,1.00,-1,-1,-1
324,6,211.00,309.00,66.00,189.00,1.00,-1,-1,-1
324,22,134.00,340.00,118.00,235.00,1.00,-1,-1,-1
325,6,210.00,309.00,68.00,216.00,1.00,-1,-1,-1
325,19,78.00,336.00,168.00,237.00,1.00,-1,-1,-1
325,18,418.00,353.00,113.00,223.00,1.00,-1,-1,-1
325,21,32.00,320.00,78.00,119.00,1.00,-1,-1,-1
326,6,207.00,309.00,70.00,219.00,1.00,-1,-1,-1
326,18,424.00,347.00,115.00,229.00,1.00,-1,-1,-1
326,19,78.00,334.00,166.00,239.00,1.00,-1,-1,-1
326,21,33.00,320.00,78.00,115.00,1.00,-1,-1,-1
327,6,203.00,305.00,74.00,217.00,1.00,-1,-1,-1
327,18,425.00,346.00,115.00,229.00,1.00,-1,-1,-1
327,21,33.00,320.00,79.00,112.00,1.00,-1,-1,-1
327,19,70.00,334.00,173.00,239.00,1.00,-1,-1,-1
328,6,203.00,306.00,73.00,215.00,1.00,-1,-1,-1
328,18,429.00,344.00,115.00,231.00,1.00,-1,-1,-1
328,22,109.00,336.00,131.00,239.00,1.00,-1,-1,-1
328,21,34.00,321.00,77.00,110.00,1.00,-1,-1,-1
329,6,202.00,306.00,74.00,215.00,1.00,-1,-1,-1
329,22,105.00,334.00,128.00,242.00,1.00,-1,-1,-1
329,18,432.00,344.00,115.00,231.00,1.00,-1,-1,-1
329,21,35.00,320.00,76.00,116.00,1.00,-1,-1,-1
330,6,201.00,306.00,74.00,215.00,1.00,-1,-1,-1
330,22,97.00,335.00,132.00,241.00,1.00,-1,-1,-1
330,18,440.00,344.00,107.00,232.00,1.00,-1,-1,-1
330,21,37.00,320.00,76.00,119.00,1.00,-1,-1,-1
331,6,199.00,306.00,74.00,214.00,1.00,-1,-1,-1
331,18,443.00,340.00,106.00,233.00,1.00,-1,-1,-1
331,22,95.00,337.00,132.00,239.00,1.00,-1,-1,-1
331,21,33.00,320.00,81.00,121.00,1.00,-1,-1,-1
332,18,446.00,335.00,110.00,236.00,1.00,-1,-1,-1
332,6,197.00,306.00,75.00,215.00,1.00,-1,-1,-1
332,19,72.00,338.00,151.00,237.00,1.00,-1,-1,-1
332,21,26.00,318.00,88.00,132.00,1.00,-1,-1,-1
333,6,193.00,305.00,77.00,216.00,1.00,-1,-1,-1
333,18,446.00,334.00,115.00,240.00,1.00,-1,-1,-1
333,22,81.00,336.00,134.00,239.00,1.00,-1,-1,-1
333,21,53.00,317.00,63.00,137.00,1.00,-1,-1,-1
334,6,193.00,305.00,77.00,216.00,1.00,-1,-1,-1
334,22,72.00,341.00,139.00,232.00,1.00,-1,-1,-1
334,18,448.00,341.00,119.00,233.00,1.00,-1,-1,-1
334,21,40.00,316.00,74.00,139.00,1.00,-1,-1,-1
334,24,552.00,350.00,54.00,203.00,1.00,-1,-1,-1
335,19,23.00,340.00,187.00,233.00,1.00,-1,-1,-1
335,6,191.00,304.00,79.00,216.00,1.00,-1,-1,-1
335,18,454.00,342.00,114.00,232.00,1.00,-1,-1,-1
335,21,43.00,315.00,69.00,107.00,1.00,-1,-1,-1
335,24,551.00,354.00,56.00,204.00,1.00,-1,-1,-1
336,6,191.00,304.00,78.00,216.00,1.00,-1,-1,-1
336,19,24.00,342.00,181.00,231.00,1.00,-1,-1,-1
336,18,456.00,345.00,121.00,228.00,1.00,-1,-1,-1
336,24,552.00,350.00,56.00,209.00,1.00,-1,-1,-1
336,21,44.00,314.00,67.00,111.00,1.00,-1,-1,-1
337,6,192.00,303.00,76.00,217.00,1.00,-1,-1,-1
337,18,458.00,347.00,130.00,226.00,1.00,-1,-1,-1
337,22,66.00,342.00,130.00,231.00,1.00,-1,-1,-1
337,24,553.00,351.00,71.00,213.00,1.00,-1,-1,-1
337,21,44.00,314.00,68.00,107.00,1.00,-1,-1,-1
338,6,191.00,303.00,77.00,217.00,1.00,-1,-1,-1
338,18,462.00,348.00,127.00,226.00,1.00,-1,-1,-1
338,22,50.00,343.00,140.00,230.00,1.00,-1,-1,-1
338,24,553.00,355.00,79.00,213.00,1.00,-1,-1,-1
338,21,45.00,313.00,67.00,109.00,1.00,-1,-1,-1
339,6,191.00,303.00,76.00,217.00,1.00,-1,-1,-1
339,18,465.00,348.00,130.00,225.00,1.00,-1,-1,-1
339,19,19.00,341.00,165.00,233.00,1.00,-1,-1,-1
339,24,557.00,357.00,83.00,215.00,1.00,-1,-1,-1
339,21,44.00,312.00,66.00,105.00,1.00,-1,-1,-1
340,6,190.00,302.00,77.00,217.00,1.00,-1,-1,-1
340,19,28.00,339.00,151.00,234.00,1.00,-1,-1,-1
340,18,467.00,351.00,135.00,222.00,1.00,-1,-1,-1
340,24,558.00,360.00,84.00,213.00,1.00,-1,-1,-1
340,21,43.00,311.00,68.00,105.00,1.00,-1,-1,-1
341,6,191.00,302.00,76.00,217.00,1.00,-1,-1,-1
341,19,13.00,336.00,162.00,236.00,1.00,-1,-1,-1
341,18,469.00,357.00,134.00,216.00,1.00,-1,-1,-1
341,24,562.00,366.00,83.00,209.00,1.00,-1,-1,-1
341,21,44.00,311.00,68.00,102.00,1.00,-1,-1,-1
342,6,191.00,302.00,76.00,217.00,1.00,-1,-1,-1
342,19,1.00,335.00,171.00,238.00,1.00,-1,-1,-1
342,18,471.00,360.00,129.00,214.00,1.00,-1,-1,-1
342,24,567.00,367.00,74.00,205.00,1.00,-1,-1,-1
343,19,0.00,336.00,168.00,238.00,1.00,-1,-1,-1
343,6,192.00,302.00,75.00,217.00,1.00,-1,-1,-1
343,18,473.00,361.00,135.00,213.00,1.00,-1,-1,-1
343,24,570.00,370.00,73.00,202.00,1.00,-1,-1,-1
344,19,0.00,334.00,163.00,240.00,1.00,-1,-1,-1
344,6,192.00,302.00,75.00,217.00,1.00,-1,-1,-1
344,18,476.00,359.00,135.00,216.00,1.00,-1,-1,-1
344,24,572.00,368.00,72.00,202.00,1.00,-1,-1,-1
344,21,77.00,310.00,54.00,109.00,1.00,-1,-1,-1
345,19,0.00,329.00,158.00,245.00,1.00,-1,-1,-1
345,6,194.00,302.00,72.00,217.00,1.00,-1,-1,-1
345,18,483.00,358.00,125.00,216.00,1.00,-1,-1,-1
345,24,580.00,367.00,69.00,201.00,1.00,-1,-1,-1
345,25,324.00,332.00,25.00,91.00,1.00,-1,-1,-1
346,19,0.00,330.00,155.00,243.00,1.00,-1,-1,-1
346,6,195.00,301.00,70.00,218.00,1.00,-1,-1,-1
346,18,486.00,349.00,128.00,225.00,1.00,-1,-1,-1
346,24,584.00,361.00,66.00,200.00,1.00,-1,-1,-1
346,25,323.00,332.00,26.00,92.00,1.00,-1,-1,-1
347,19,0.00,333.00,150.00,240.00,1.00,-1,-1,-1
347,6,195.00,301.00,66.00,217.00,1.00,-1,-1,-1
347,18,491.00,347.00,131.00,227.00,1.00,-1,-1,-1
347,24,589.00,360.00,63.00,195.00,1.00,-1,-1,-1
347,25,323.00,332.00,26.00,91.00,1.00,-1,-1,-1
348,19,0.00,334.00,147.00,239.00,1.00,-1,-1,-1
348,6,196.00,301.00,65.00,217.00,1.00,-1,-1,-1
348,24,596.00,361.00,60.00,201.00,1.00,-1,-1,-1
348,18,497.00,347.00,127.00,228.00,1.00,-1,-1,-1
348,25,322.00,332.00,27.00,91.00,1.00,-1,-1,-1
349,19,0.00,335.00,143.00,238.00,1.00,-1,-1,-1
349,6,200.00,301.00,60.00,217.00,1.00,-1,-1,-1
349,18,500.00,347.00,149.00,228.00,1.00,-1,-1,-1
349,24,597.00,358.00,60.00,191.00,1.00,-1,-1,-1
349,25,322.00,331.00,27.00,92.00,1.00,-1,-1,-1
350,19,0.00,334.00,138.00,239.00,1.00,-1,-1,-1
350,6,200.00,300.00,61.00,218.00,1.00,-1,-1,-1
350,18,505.00,350.00,157.00,224.00,1.00,-1,-1,-1
350,25,322.00,331.00,27.00,91.00,1.00,-1,-1,-1
350,24,596.00,353.00,63.00,187.00,1.00,-1,-1,-1
351,19,0.00,334.00,135.00,238.00,1.00,-1,-1,-1
351,6,201.00,300.00,60.00,217.00,1.00,-1,-1,-1
351,18,507.00,346.00,138.00,228.00,1.00,-1,-1,-1
351,21,80.00,308.00,51.00,161.00,1.00,-1,-1,-1
351,25,322.00,331.00,27.00,91.00,1.00,-1,-1,-1
352,19,0.00,333.00,132.00,240.00,1.00,-1,-1,-1
352,6,201.00,300.00,61.00,217.00,1.00,-1,-1,-1
352,18,510.00,347.00,132.00,226.00,1.00,-1,-1,-1
352,21,80.00,306.00,51.00,183.00,1.00,-1,-1,-1
352,25,322.00,331.00,28.00,92.00,1.00,-1,-1,-1
353,19,0.00,334.00,129.00,239.00,1.00,-1,-1,-1
353,6,201.00,299.00,62.00,218.00,1.00,-1,-1,-1
353,18,515.00,346.00,153.00,228.00,1.00,-1,-1,-1
353,21,79.00,305.00,52.00,207.00,1.00,-1,-1,-1
353,25,322.00,330.00,28.00,93.00,1.00,-1,-1,-1
354,19,0.00,333.00,128.00,239.00,1.00,-1,-1,-1
354,6,201.00,299.00,61.00,217.00,1.00,-1,-1,-1
354,18,522.00,349.00,153.00,225.00,1.00,-1,-1,-1
354,21,79.00,305.00,56.00,229.00,1.00,-1,-1,-1
354,25,322.00,329.00,30.00,95.00,1.00,-1,-1,-1
355,19,0.00,332.00,126.00,240.00,1.00,-1,-1,-1
355,6,201.00,299.00,60.00,216.00,1.00,-1,-1,-1
355,18,528.00,350.00,145.00,224.00,1.00,-1,-1,-1
355,21,79.00,305.00,58.00,231.00,1.00,-1,-1,-1
355,25,321.00,328.00,31.00,95.00,1.00,-1,-1,-1
356,19,0.00,331.00,122.00,240.00,1.00,-1,-1,-1
356,18,533.00,352.00,141.00,222.00,1.00,-1,-1,-1
356,6,202.00,299.00,60.00,216.00,1.00,-1,-1,-1
356,21,75.00,305.00,63.00,234.00,1.00,-1,-1,-1
357,19,0.00,328.00,114.00,244.00,1.00,-1,-1,-1
357,6,201.00,298.00,61.00,216.00,1.00,-1,-1,-1
357,18,544.00,355.00,145.00,219.00,1.00,-1,-1,-1
357,21,74.00,304.00,64.00,235.00,1.00,-1,-1,-1
358,19,0.00,327.00,115.00,245.00,1.00,-1,-1,-1
358,6,200.00,298.00,63.00,214.00,1.00,-1,-1,-1
358,21,73.00,304.00,65.00,234.00,1.00,-1,-1,-1
358,24,623.00,356.00,77.00,216.00,1.00,-1,-1,-1
358,18,550.00,355.00,141.00,219.00,1.00,-1,-1,-1
359,19,0.00,325.00,107.00,247.00,1.00,-1,-1,-1
359,18,555.00,355.00,145.00,219.00,1.00,-1,-1,-1
359,6,201.00,298.00,62.00,212.00,1.00,-1,-1,-1
359,21,70.00,303.00,68.00,235.00,1.00,-1,-1,-1
360,18,560.00,354.00,150.00,219.00,1.00,-1,-1,-1
360,19,0.00,325.00,102.00,247.00,1.00,-1,-1,-1
360,21,62.00,301.00,75.00,234.00,1.00,-1,-1,-1
360,6,199.00,298.00,64.00,212.00,1.00,-1,-1,-1
361,19,0.00,324.00,96.00,247.00,1.00,-1,-1,-1
361,21,56.00,302.00,82.00,237.00,1.00,-1,-1,-1
361,6,200.00,297.00,63.00,212.00,1.00,-1,-1,-1
361,18,570.00,350.00,154.00,224.00,1.00,-1,-1,-1
362,19,0.00,323.00,89.00,248.00,1.00,-1,-1,-1
362,18,570.00,344.00,167.00,229.00,1.00,-1,-1,-1
362,6,199.00,297.00,64.00,211.00,1.00,-1,-1,-1
362,21,51.00,302.00,86.00,253.00,1.00,-1,-1,-1
363,19,0.00,323.00,84.00,248.00,1.00,-1,-1,-1
363,6,198.00,297.00,65.00,211.00,1.00,-1,-1,-1
363,18,581.00,341.00,166.00,232.00,1.00,-1,-1,-1
363,21,47.00,301.00,90.00,256.00,1.00,-1,-1,-1
364,6,198.00,297.00,65.00,210.00,1.00,-1,-1,-1
364,18,585.00,330.00,171.00,242.00,1.00,-1,-1,-1
364,21,47.00,301.00,90.00,255.00,1.00,-1,-1,-1
364,19,0.00,329.00,82.00,245.00,1.00,-1,-1,-1
364,26,667.00,344.00,57.00,84.00,1.00,-1,-1,-1
365,21,48.00,301.00,90.00,240.00,1.00,-1,-1,-1
365,6,199.00,297.00,64.00,210.00,1.00,-1,-1,-1
365,19,0.00,382.00,75.00,189.00,1.00,-1,-1,-1
366,18,601.00,325.00,167.00,247.00,1.00,-1,-1,-1
366,21,48.00,300.00,91.00,239.00,1.00,-1,-1,-1
366,6,199.00,296.00,65.00,211.00,1.00,-1,-1,-1
366,19,0.00,344.00,69.00,229.00,1.00,-1,-1,-1
367,21,48.00,301.00,93.00,237.00,1.00,-1,-1,-1
367,18,607.00,326.00,165.00,246.00,1.00,-1,-1,-1
367,6,199.00,294.00,64.00,212.00,1.00,-1,-1,-1
367,19,0.00,415.00,63.00,157.00,1.00,-1,-1,-1
368,21,48.00,301.00,93.00,237.00,1.00,-1,-1,-1
368,18,613.00,325.00,163.00,247.00,1.00,-1,-1,-1
368,6,198.00,293.00,63.00,214.00,1.00,-1,-1,-1
368,19,0.00,336.00,58.00,236.00,1.00,-1,-1,-1
369,21,48.00,300.00,93.00,238.00,1.00,-1,-1,-1
369,18,620.00,323.00,165.00,249.00,1.00,-1,-1,-1
369,6,197.00,292.00,63.00,214.00,1.00,-1,-1,-1
369,19,0.00,446.00,50.00,128.00,1.00,-1,-1,-1
370,21,48.00,300.00,93.00,238.00,1.00,-1,-1,-1
370,18,627.00,331.00,162.00,241.00,1.00,-1,-1,-1
370,6,195.00,292.00,64.00,214.00,1.00,-1,-1,-1
371,21,49.00,300.00,92.00,241.00,1.00,-1,-1,-1
371,18,635.00,340.00,165.00,232.00,1.00,-1,-1,-1
371,6,194.00,292.00,64.00,214.00,1.00,-1,-1,-1
372,18,644.00,337.00,165.00,235.00,1.00,-1,-1,-1
372,21,50.00,300.00,90.00,242.00,1.00,-1,-1,-1
372,6,193.00,291.00,64.00,215.00,1.00,-1,-1,-1
373,18,654.00,339.00,164.00,233.00,1.00,-1,-1,-1
373,21,51.00,300.00,91.00,243.00,1.00,-1,-1,-1
373,6,193.00,292.00,67.00,213.00,1.00,-1,-1,-1
374,18,659.00,345.00,166.00,226.00,1.00,-1,-1,-1
374,21,52.00,300.00,92.00,240.00,1.00,-1,-1,-1
374,6,191.00,292.00,68.00,213.00,1.00,-1,-1,-1
374,25,317.00,321.00,35.00,107.00,1.00,-1,-1,-1
375,18,669.00,350.00,175.00,222.00,1.00,-1,-1,-1
375,6,190.00,291.00,69.00,214.00,1.00,-1,-1,-1
375,21,53.00,301.00,92.00,241.00,1.00,-1,-1,-1
375,25,317.00,321.00,36.00,107.00,1.00,-1,-1,-1
376,18,677.00,356.00,178.00,217.00,1.00,-1,-1,-1
376,21,54.00,302.00,92.00,242.00,1.00,-1,-1,-1
376,6,190.00,292.00,68.00,213.00,1.00,-1,-1,-1
376,25,317.00,321.00,35.00,106.00,1.00,-1,-1,-1
377,18,687.00,366.00,181.00,206.00,1.00,-1,-1,-1
377,21,55.00,302.00,91.00,249.00,1.00,-1,-1,-1
377,6,190.00,292.00,68.00,213.00,1.00,-1,-1,-1
377,25,317.00,321.00,36.00,106.00,1.00,-1,-1,-1
378,21,57.00,303.00,89.00,249.00,1.00,-1,-1,-1
378,18,695.00,368.00,186.00,204.00,1.00,-1,-1,-1
378,6,188.00,292.00,70.00,213.00,1.00,-1,-1,-1
378,25,318.00,321.00,35.00,106.00,1.00,-1,-1,-1
379,18,702.00,360.00,192.00,212.00,1.00,-1,-1,-1
379,21,59.00,306.00,87.00,245.00,1.00,-1,-1,-1
379,6,189.00,290.00,69.00,215.00,1.00,-1,-1,-1
379,25,318.00,321.00,36.00,106.00,1.00,-1,-1,-1
380,18,707.00,353.00,199.00,219.00,1.00,-1,-1,-1
380,21,61.00,309.00,87.00,242.00,1.00,-1,-1,-1
380,6,187.00,289.00,71.00,216.00,1.00,-1,-1,-1
380,25,319.00,322.00,36.00,106.00,1.00,-1,-1,-1
381,18,713.00,350.00,203.00,221.00,1.00,-1,-1,-1
381,21,64.00,310.00,85.00,241.00,1.00,-1,-1,-1
381,6,186.00,289.00,69.00,216.00,1.00,-1,-1,-1
381,25,319.00,322.00,36.00,106.00,1.00,-1,-1,-1
382,18,720.00,342.00,207.00,230.00,1.00,-1,-1,-1
382,21,68.00,310.00,85.00,241.00,1.00,-1,-1,-1
382,6,186.00,289.00,66.00,216.00,1.00,-1,-1,-1
382,25,319.00,321.00,36.00,107.00,1.00,-1,-1,-1
383,18,725.00,337.00,216.00,234.00,1.00,-1,-1,-1
383,21,71.00,309.00,84.00,241.00,1.00,-1,-1,-1
383,6,186.00,289.00,64.00,216.00,1.00,-1,-1,-1
383,25,319.00,320.00,37.00,108.00,1.00,-1,-1,-1
384,21,73.00,308.00,86.00,240.00,1.00,-1,-1,-1
384,18,731.00,332.00,226.00,240.00,1.00,-1,-1,-1
384,6,184.00,290.00,65.00,215.00,1.00,-1,-1,-1
384,25,319.00,319.00,38.00,109.00,1.00,-1,-1,-1
385,21,76.00,307.00,85.00,239.00,1.00,-1,-1,-1
385,18,749.00,329.00,219.00,243.00,1.00,-1,-1,-1
385,6,183.00,290.00,65.00,215.00,1.00,-1,-1,-1
385,25,318.00,320.00,40.00,107.00,1.00,-1,-1,-1
385,24,725.00,343.00,76.00,224.00,1.00,-1,-1,-1
386,21,78.00,307.00,98.00,239.00,1.00,-1,-1,-1
386,18,759.00,322.00,223.00,249.00,1.00,-1,-1,-1
386,6,184.00,289.00,64.00,216.00,1.00,-1,-1,-1
386,25,318.00,319.00,40.00,109.00,1.00,-1,-1,-1
386,24,730.00,343.00,75.00,230.00,1.00,-1,-1,-1
387,21,79.00,306.00,101.00,239.00,1.00,-1,-1,-1
387,18,775.00,318.00,219.00,254.00,1.00,-1,-1,-1
387,6,182.00,289.00,64.00,217.00,1.00,-1,-1,-1
387,24,733.00,343.00,75.00,231.00,1.00,-1,-1,-1
387,25,318.00,319.00,41.00,108.00,1.00,-1,-1,-1
388,18,785.00,323.00,228.00,248.00,1.00,-1,-1,-1
388,21,81.00,306.00,103.00,240.00,1.00,-1,-1,-1
388,24,735.00,348.00,81.00,226.00,1.00,-1,-1,-1
388,6,179.00,288.00,65.00,218.00,1.00,-1,-1,-1
388,25,318.00,317.00,41.00,111.00,1.00,-1,-1,-1
389,18,800.00,325.00,223.00,247.00,1.00,-1,-1,-1
389,21,84.00,307.00,78.00,246.00,1.00,-1,-1,-1
389,6,176.00,288.00,68.00,217.00,1.00,-1,-1,-1
389,24,738.00,350.00,76.00,224.00,1.00,-1,-1,-1
389,25,319.00,316.00,41.00,113.00,1.00,-1,-1,-1
390,18,809.00,330.00,214.00,242.00,1.00,-1,-1,-1
390,21,84.00,307.00,81.00,251.00,1.00,-1,-1,-1
390,6,174.00,288.00,68.00,217.00,1.00,-1,-1,-1
390,24,742.00,358.00,85.00,214.00,1.00,-1,-1,-1
390,25,319.00,314.00,41.00,116.00,1.00,-1,-1,-1
391,18,830.00,336.00,193.00,236.00,1.00,-1,-1,-1
391,21,86.00,307.00,79.00,253.00,1.00,-1,-1,-1
391,6,173.00,288.00,68.00,217.00,1.00,-1,-1,-1
391,24,747.00,360.00,101.00,211.00,1.00,-1,-1,-1
391,25,316.00,308.00,44.00,121.00,1.00,-1,-1,-1
392,18,846.00,344.00,177.00,228.00,1.00,-1,-1,-1
392,21,89.00,307.00,78.00,252.00,1.00,-1,-1,-1
392,6,173.00,288.00,68.00,217.00,1.00,-1,-1,-1
392,24,750.00,354.00,104.00,217.00,1.00,-1,-1,-1
392,25,315.00,308.00,46.00,122.00,1.00,-1,-1,-1
393,18,862.00,345.00,161.00,227.00,1.00,-1,-1,-1
393,21,91.00,308.00,80.00,250.00,1.00,-1,-1,-1
393,24,755.00,354.00,104.00,218.00,1.00,-1,-1,-1
393,6,172.00,287.00,68.00,217.00,1.00,-1,-1,-1
393,25,314.00,307.00,46.00,124.00,1.00,-1,-1,-1
394,18,876.00,350.00,147.00,223.00,1.00,-1,-1,-1
394,24,758.00,330.00,107.00,244.00,1.00,-1,-1,-1
394,21,94.00,305.00,82.00,253.00,1.00,-1,-1,-1
394,6,171.00,287.00,68.00,218.00,1.00,-1,-1,-1
395,18,891.00,350.00,132.00,222.00,1.00,-1,-1,-1
395,24,763.00,329.00,107.00,244.00,1.00,-1,-1,-1
395,21,96.00,307.00,78.00,251.00,1.00,-1,-1,-1
395,6,171.00,287.00,68.00,217.00,1.00,-1,-1,-1
395,25,313.00,306.00,49.00,123.00,1.00,-1,-1,-1
396,18,907.00,351.00,116.00,220.00,1.00,-1,-1,-1
396,24,767.00,328.00,112.00,245.00,1.00,-1,-1,-1
396,21,98.00,308.00,79.00,252.00,1.00,-1,-1,-1
396,6,171.00,286.00,67.00,219.00,1.00,-1,-1,-1
396,25,316.00,316.00,44.00,113.00,1.00,-1,-1,-1
397,18,920.00,343.00,103.00,230.00,1.00,-1,-1,-1
397,21,99.00,310.00,78.00,251.00,1.00,-1,-1,-1
397,24,771.00,328.00,113.00,244.00,1.00,-1,-1,-1
397,6,170.00,286.00,68.00,218.00,1.00,-1,-1,-1
397,25,316.00,316.00,44.00,114.00,1.00,-1,-1,-1
398,24,777.00,330.00,111.00,243.00,1.00,-1,-1,-1
398,18,936.00,347.00,87.00,225.00,1.00,-1,-1,-1
398,21,100.00,312.00,76.00,250.00,1.00,-1,-1,-1
398,6,171.00,286.00,68.00,217.00,1.00,-1,-1,-1
398,25,316.00,317.00,44.00,112.00,1.00,-1,-1,-1
399,18,950.00,336.00,73.00,235.00,1.00,-1,-1,-1
399,24,784.00,333.00,108.00,241.00,1.00,-1,-1,-1
399,21,102.00,313.00,75.00,254.00,1.00,-1,-1,-1
399,6,170.00,287.00,70.00,216.00,1.00,-1,-1,-1
399,25,315.00,319.00,45.00,110.00,1.00,-1,-1,-1
400,24,789.00,334.00,105.00,238.00,1.00,-1,-1,-1
400,21,105.00,312.00,72.00,252.00,1.00,-1,-1,-1
400,18,966.00,330.00,57.00,241.00,1.00,-1,-1,-1
400,6,171.00,287.00,69.00,215.00,1.00,-1,-1,-1
400,25,318.00,321.00,42.00,108.00,1.00,-1,-1,-1
401,24,794.00,339.00,108.00,233.00,1.00,-1,-1,-1
401,21,105.00,312.00,74.00,252.00,1.00,-1,-1,-1
401,6,171.00,287.00,68.00,216.00,1.00,-1,-1,-1
401,25,316.00,315.00,44.00,114.00,1.00,-1,-1,-1
402,24,799.00,342.00,109.00,231.00,1.00,-1,-1,-1
402,21,108.00,312.00,73.00,250.00,1.00,-1,-1,-1
402,6,172.00,287.00,66.00,214.00,1.00,-1,-1,-1
402,25,318.00,313.00,42.00,117.00,1.00,-1,-1,-1
403,24,805.00,344.00,111.00,229.00,1.00,-1,-1,-1
403,21,108.00,313.00,74.00,249.00,1.00,-1,-1,-1
403,6,171.00,286.00,65.00,217.00,1.00,-1,-1,-1
403,25,317.00,313.00,43.00,116.00,1.00,-1,-1,-1
403,27,331.00,314.00,29.00,114.00,1.00,-1,-1,-1
404,24,811.00,346.00,114.00,227.00,1.00,-1,-1,-1
404,21,112.00,312.00,71.00,254.00,1.00,-1,-1,-1
404,6,171.00,286.00,65.00,216.00,1.00,-1,-1,-1
404,25,317.00,313.00,43.00,117.00,1.00,-1,-1,-1
404,27,332.00,317.00,28.00,111.00,1.00,-1,-1,-1
405,24,816.00,348.00,116.00,225.00,1.00,-1,-1,-1
405,21,118.00,312.00,66.00,255.00,1.00,-1,-1,-1
405,6,171.00,286.00,65.00,215.00,1.00,-1,-1,-1
405,25,317.00,315.00,43.00,114.00,1.00,-1,-1,-1
405,27,336.00,317.00,24.00,111.00,1.00,-1,-1,-1
406,24,820.00,345.00,120.00,227.00,1.00,-1,-1,-1
406,21,121.00,312.00,65.00,254.00,1.00,-1,-1,-1
406,6,171.00,285.00,64.00,215.00,1.00,-1,-1,-1
406,25,317.00,315.00,43.00,114.00,1.00,-1,-1,-1
407,24,826.00,338.00,121.00,234.00,1.00,-1,-1,-1
407,21,125.00,312.00,63.00,253.00,1.00,-1,-1,-1
407,6,172.00,286.00,64.00,210.00,1.00,-1,-1,-1
407,25,318.00,317.00,44.00,112.00,1.00,-1,-1,-1
408,24,831.00,335.00,122.00,236.00,1.00,-1,-1,-1
408,21,126.00,311.00,64.00,253.00,1.00,-1,-1,-1
408,6,172.00,286.00,62.00,206.00,1.00,-1,-1,-1
409,24,837.00,333.00,122.00,239.00,1.00,-1,-1,-1
409,21,129.00,310.00,62.00,254.00,1.00,-1,-1,-1
409,6,172.00,285.00,62.00,197.00,1.00,-1,-1,-1
410,24,842.00,331.00,125.00,242.00,1.00,-1,-1,-1
410,21,131.00,310.00,62.00,253.00,1.00,-1,-1,-1
410,6,174.00,285.00,60.00,180.00,1.00,-1,-1,-1
411,24,851.00,332.00,125.00,241.00,1.00,-1,-1,-1
411,21,132.00,310.00,73.00,256.00,1.00,-1,-1,-1
411,6,177.00,286.00,58.00,191.00,1.00,-1,-1,-1
412,21,133.00,309.00,66.00,255.00,1.00,-1,-1,-1
412,24,857.00,323.00,126.00,250.00,1.00,-1,-1,-1
412,6,180.00,286.00,55.00,194.00,1.00,-1,-1,-1
412,25,327.00,315.00,40.00,117.00,1.00,-1,-1,-1
412,28,175.00,284.00,60.00,261.00,1.00,-1,-1,-1
413,24,859.00,333.00,131.00,240.00,1.00,-1,-1,-1
413,28,133.00,307.00,97.00,257.00,1.00,-1,-1,-1
413,25,325.00,313.00,43.00,119.00,1.00,-1,-1,-1
413,6,183.00,286.00,52.00,185.00,1.00,-1,-1,-1
414,24,863.00,333.00,135.00,240.00,1.00,-1,-1,-1
414,28,133.00,305.00,100.00,258.00,1.00,-1,-1,-1
414,25,326.00,315.00,42.00,116.00,1.00,-1,-1,-1
414,6,185.00,286.00,50.00,179.00,1.00,-1,-1,-1
415,24,871.00,332.00,134.00,241.00,1.00,-1,-1,-1
415,28,136.00,310.00,95.00,254.00,1.00,-1,-1,-1
415,25,328.00,315.00,41.00,118.00,1.00,-1,-1,-1
415,6,187.00,286.00,48.00,173.00,1.00,-1,-1,-1
416,24,878.00,339.00,134.00,235.00,1.00,-1,-1,-1
416,28,139.00,309.00,109.00,254.00,1.00,-1,-1,-1
416,25,329.00,314.00,40.00,118.00,1.00,-1,-1,-1
416,6,188.00,285.00,48.00,174.00,1.00,-1,-1,-1
416,29,309.00,315.00,30.00,118.00,1.00,-1,-1,-1
417,28,140.00,307.00,109.00,255.00,1.00,-1,-1,-1
417,24,883.00,305.00,139.00,269.00,1.00,-1,-1,-1
417,25,330.00,315.00,39.00,119.00,1.00,-1,-1,-1
417,6,189.00,285.00,47.00,176.00,1.00,-1,-1,-1
417,29,309.00,315.00,31.00,118.00,1.00,-1,-1,-1
418,24,891.00,316.00,132.00,258.00,1.00,-1,-1,-1
418,28,141.00,306.00,111.00,256.00,1.00,-1,-1,-1
418,25,330.00,313.00,40.00,121.00,1.00,-1,-1,-1
418,6,196.00,286.00,41.00,175.00,1.00,-1,-1,-1
418,29,309.00,314.00,29.00,119.00,1.00,-1,-1,-1
419,28,143.00,305.00,108.00,256.00,1.00,-1,-1,-1
419,25,330.00,315.00,40.00,120.00,1.00,-1,-1,-1
419,6,199.00,286.00,41.00,175.00,1.00,-1,-1,-1
419,29,309.00,314.00,29.00,118.00,1.00,-1,-1,-1
420,28,143.00,305.00,110.00,256.00,1.00,-1,-1,-1
420,24,904.00,348.00,119.00,226.00,1.00,-1,-1,-1
420,25,328.00,317.00,42.00,119.00,1.00,-1,-1,-1
420,29,309.00,314.00,29.00,118.00,1.00,-1,-1,-1
420,6,203.00,286.00,39.00,174.00,1.00,-1,-1,-1
421,28,143.00,308.00,107.00,254.00,1.00,-1,-1,-1
421,25,326.00,318.00,42.00,118.00,1.00,-1,-1,-1
421,30,337.00,319.00,33.00,111.00,1.00,-1,-1,-1
422,28,142.00,296.00,108.00,268.00,1.00,-1,-1,-1
422,24,919.00,343.00,104.00,229.00,1.00,-1,-1,-1
422,29,309.00,314.00,30.00,122.00,1.00,-1,-1,-1
422,30,338.00,319.00,32.00,111.00,1.00,-1,-1,-1
422,25,326.00,318.00,43.00,118.00,1.00,-1,-1,-1
423,28,142.00,291.00,108.00,273.00,1.00,-1,-1,-1
423,29,308.00,312.00,33.00,121.00,1.00,-1,-1,-1
423,30,335.00,318.00,35.00,118.00,1.00,-1,-1,-1
423,24,929.00,339.00,94.00,231.00,1.00,-1,-1,-1
424,28,143.00,290.00,106.00,274.00,1.00,-1,-1,-1
424,29,308.00,314.00,32.00,119.00,1.00,-1,-1,-1
424,24,937.00,311.00,86.00,253.00,1.00,-1,-1,-1
424,30,332.00,318.00,37.00,118.00,1.00,-1,-1,-1
425,28,145.00,295.00,104.00,269.00,1.00,-1,-1,-1
425,24,943.00,330.00,80.00,242.00,1.00,-1,-1,-1
425,29,308.00,314.00,33.00,119.00,1.00,-1,-1,-1
425,30,335.00,318.00,34.00,117.00,1.00,-1,-1,-1
426,28,148.00,300.00,101.00,264.00,1.00,-1,-1,-1
426,24,954.00,325.00,69.00,242.00,1.00,-1,-1,-1
426,29,308.00,314.00,33.00,119.00,1.00,-1,-1,-1
426,30,330.00,318.00,39.00,118.00,1.00,-1,-1,-1
427,28,151.00,300.00,98.00,265.00,1.00,-1,-1,-1
427,30,330.00,318.00,39.00,119.00,1.00,-1,-1,-1
427,29,310.00,313.00,30.00,119.00,1.00,-1,-1,-1
428,28,154.00,307.00,95.00,257.00,1.00,-1,-1,-1
428,25,334.00,316.00,37.00,120.00,1.00,-1,-1,-1
428,29,308.00,312.00,32.00,122.00,1.00,-1,-1,-1
429,28,159.00,306.00,92.00,256.00,1.00,-1,-1,-1
429,25,334.00,317.00,39.00,119.00,1.00,-1,-1,-1
429,29,308.00,313.00,32.00,122.00,1.00,-1,-1,-1
430,28,161.00,309.00,92.00,252.00,1.00,-1,-1,-1
430,29,308.00,313.00,30.00,123.00,1.00,-1,-1,-1
430,25,336.00,318.00,37.00,118.00,1.00,-1,-1,-1
431,28,164.00,307.00,93.00,257.00,1.00,-1,-1,-1
431,29,309.00,315.00,30.00,122.00,1.00,-1,-1,-1
431,25,333.00,319.00,40.00,117.00,1.00,-1,-1,-1
432,28,167.00,307.00,95.00,258.00,1.00,-1,-1,-1
432,29,308.00,315.00,31.00,122.00,1.00,-1,-1,-1
432,25,337.00,317.00,40.00,120.00,1.00,-1,-1,-1
432,21,156.00,285.00,51.00,209.00,1.00,-1,-1,-1
433,28,170.00,305.00,94.00,260.00,1.00,-1,-1,-1
433,29,308.00,316.00,32.00,121.00,1.00,-1,-1,-1
433,21,152.00,284.00,58.00,210.00,1.00,-1,-1,-1
433,25,337.00,318.00,40.00,118.00,1.00,-1,-1,-1
434,28,174.00,303.00,89.00,266.00,1.00,-1,-1,-1
434,21,150.00,284.00,61.00,211.00,1.00,-1,-1,-1
434,29,309.00,316.00,32.00,121.00,1.00,-1,-1,-1
434,25,336.00,318.00,43.00,121.00,1.00,-1,-1,-1
435,28,174.00,303.00,92.00,268.00,1.00,-1,-1,-1
435,21,150.00,283.00,61.00,213.00,1.00,-1,-1,-1
435,29,309.00,314.00,33.00,124.00,1.00,-1,-1,-1
435,25,336.00,321.00,44.00,117.00,1.00,-1,-1,-1
436,28,182.00,306.00,82.00,267.00,1.00,-1,-1,-1
436,29,309.00,314.00,33.00,124.00,1.00,-1,-1,-1
436,21,149.00,284.00,62.00,214.00,1.00,-1,-1,-1
436,25,336.00,319.00,44.00,121.00,1.00,-1,-1,-1
437,28,186.00,308.00,79.00,264.00,1.00,-1,-1,-1
437,21,150.00,284.00,61.00,215.00,1.00,-1,-1,-1
437,29,308.00,316.00,33.00,122.00,1.00,-1,-1,-1
437,25,334.00,321.00,47.00,119.00,1.00,-1,-1,-1
438,28,186.00,309.00,93.00,264.00,1.00,-1,-1,-1
438,21,149.00,283.00,62.00,217.00,1.00,-1,-1,-1
438,29,308.00,315.00,34.00,123.00,1.00,-1,-1,-1
438,25,334.00,318.00,47.00,122.00,1.00,-1,-1,-1
439,28,186.00,309.00,90.00,264.00,1.00,-1,-1,-1
439,21,149.00,283.00,63.00,217.00,1.00,-1,-1,-1
439,29,308.00,314.00,34.00,125.00,1.00,-1,-1,-1
439,25,334.00,318.00,48.00,122.00,1.00,-1,-1,-1
440,28,186.00,309.00,96.00,263.00,1.00,-1,-1,-1
440,21,149.00,284.00,64.00,217.00,1.00,-1,-1,-1
440,29,308.00,313.00,35.00,127.00,1.00,-1,-1,-1
440,25,336.00,318.00,46.00,122.00,1.00,-1,-1,-1
441,28,185.00,310.00,99.00,262.00,1.00,-1,-1,-1
441,21,149.00,284.00,63.00,216.00,1.00,-1,-1,-1
441,25,338.00,319.00,45.00,121.00,1.00,-1,-1,-1
441,29,308.00,316.00,33.00,122.00,1.00,-1,-1,-1
442,28,182.00,310.00,88.00,264.00,1.00,-1,-1,-1
442,21,149.00,284.00,63.00,215.00,1.00,-1,-1,-1
442,25,341.00,319.00,43.00,121.00,1.00,-1,-1,-1
442,29,309.00,313.00,34.00,128.00,1.00,-1,-1,-1
443,28,178.00,311.00,90.00,259.00,1.00,-1,-1,-1
443,21,149.00,284.00,63.00,215.00,1.00,-1,-1,-1
443,25,340.00,319.00,45.00,122.00,1.00,-1,-1,-1
443,29,308.00,316.00,33.00,124.00,1.00,-1,-1,-1
444,28,180.00,311.00,90.00,258.00,1.00,-1,-1,-1
444,21,149.00,284.00,64.00,215.00,1.00,-1,-1,-1
444,25,341.00,318.00,44.00,122.00,1.00,-1,-1,-1
444,29,308.00,316.00,30.00,124.00,1.00,-1,-1,-1
445,28,180.00,310.00,90.00,259.00,1.00,-1,-1,-1
445,25,345.00,318.00,40.00,122.00,1.00,-1,-1,-1
445,21,149.00,284.00,63.00,215.00,1.00,-1,-1,-1
445,29,308.00,317.00,31.00,125.00,1.00,-1,-1,-1
446,28,167.00,310.00,106.00,260.00,1.00,-1,-1,-1
446,25,345.00,318.00,41.00,122.00,1.00,-1,-1,-1
446,21,148.00,285.00,63.00,214.00,1.00,-1,-1,-1
446,29,308.00,316.00,33.00,125.00,1.00,-1,-1,-1
447,28,169.00,309.00,107.00,262.00,1.00,-1,-1,-1
447,25,345.00,318.00,42.00,123.00,1.00,-1,-1,-1
447,21,147.00,284.00,65.00,215.00,1.00,-1,-1,-1
447,29,308.00,319.00,34.00,123.00,1.00,-1,-1,-1
448,28,165.00,308.00,111.00,263.00,1.00,-1,-1,-1
448,25,346.00,322.00,42.00,122.00,1.00,-1,-1,-1
448,21,147.00,284.00,65.00,215.00,1.00,-1,-1,-1
448,29,308.00,319.00,40.00,123.00,1.00,-1,-1,-1
449,28,167.00,307.00,110.00,265.00,1.00,-1,-1,-1
449,25,346.00,320.00,43.00,126.00,1.00,-1,-1,-1
449,21,147.00,284.00,65.00,215.00,1.00,-1,-1,-1
449,29,309.00,318.00,40.00,124.00,1.00,-1,-1,-1
450,28,169.00,305.00,109.00,266.00,1.00,-1,-1,-1
450,25,348.00,320.00,42.00,126.00,1.00,-1,-1,-1
450,21,146.00,284.00,65.00,216.00,1.00,-1,-1,-1
450,29,309.00,316.00,40.00,125.00,1.00,-1,-1,-1
451,28,172.00,303.00,108.00,267.00,1.00,-1,-1,-1
451,25,348.00,320.00,43.00,127.00,1.00,-1,-1,-1
451,21,146.00,283.00,65.00,217.00,1.00,-1,-1,-1
451,29,310.00,316.00,41.00,126.00,1.00,-1,-1,-1
452,28,178.00,303.00,103.00,267.00,1.00,-1,-1,-1
452,25,349.00,320.00,44.00,128.00,1.00,-1,-1,-1
452,21,147.00,284.00,64.00,216.00,1.00,-1,-1,-1
452,29,315.00,314.00,38.00,131.00,1.00,-1,-1,-1
453,28,176.00,302.00,106.00,268.00,1.00,-1,-1,-1
453,25,352.00,319.00,41.00,128.00,1.00,-1,-1,-1
453,21,146.00,283.00,66.00,217.00,1.00,-1,-1,-1
453,29,309.00,315.00,45.00,129.00,1.00,-1,-1,-1
454,28,178.00,302.00,105.00,271.00,1.00,-1,-1,-1
454,25,354.00,319.00,40.00,128.00,1.00,-1,-1,-1
454,29,312.00,314.00,42.00,132.00,1.00,-1,-1,-1
454,21,147.00,283.00,66.00,217.00,1.00,-1,-1,-1
455,28,176.00,303.00,109.00,271.00,1.00,-1,-1,-1
455,29,313.00,315.00,41.00,131.00,1.00,-1,-1,-1
455,25,352.00,317.00,42.00,129.00,1.00,-1,-1,-1
455,21,147.00,284.00,66.00,216.00,1.00,-1,-1,-1
456,28,171.00,302.00,115.00,272.00,1.00,-1,-1,-1
456,21,149.00,283.00,65.00,216.00,1.00,-1,-1,-1
456,29,313.00,315.00,40.00,132.00,1.00,-1,-1,-1
456,25,354.00,317.00,40.00,130.00,1.00,-1,-1,-1
457,28,173.00,303.00,114.00,271.00,1.00,-1,-1,-1
457,29,312.00,313.00,41.00,135.00,1.00,-1,-1,-1
457,21,149.00,283.00,66.00,217.00,1.00,-1,-1,-1
457,25,356.00,317.00,39.00,130.00,1.00,-1,-1,-1
458,28,174.00,304.00,114.00,270.00,1.00,-1,-1,-1
458,29,312.00,316.00,40.00,132.00,1.00,-1,-1,-1
458,25,351.00,316.00,44.00,131.00,1.00,-1,-1,-1
458,21,150.00,283.00,66.00,216.00,1.00,-1,-1,-1
459,28,173.00,304.00,115.00,270.00,1.00,-1,-1,-1
459,29,309.00,316.00,44.00,131.00,1.00,-1,-1,-1
459,25,352.00,316.00,44.00,131.00,1.00,-1,-1,-1
459,21,149.00,284.00,69.00,215.00,1.00,-1,-1,-1
460,28,177.00,306.00,112.00,268.00,1.00,-1,-1,-1
460,21,150.00,284.00,68.00,215.00,1.00,-1,-1,-1
460,29,309.00,316.00,45.00,134.00,1.00,-1,-1,-1
460,25,355.00,317.00,42.00,130.00,1.00,-1,-1,-1
461,28,182.00,305.00,108.00,269.00,1.00,-1,-1,-1
461,21,150.00,284.00,69.00,215.00,1.00,-1,-1,-1
461,25,360.00,317.00,39.00,132.00,1.00,-1,-1,-1
461,29,313.00,315.00,44.00,136.00,1.00,-1,-1,-1
462,28,184.00,306.00,106.00,267.00,1.00,-1,-1,-1
462,21,149.00,285.00,70.00,214.00,1.00,-1,-1,-1
462,29,313.00,315.00,43.00,137.00,1.00,-1,-1,-1
462,25,360.00,316.00,43.00,136.00,1.00,-1,-1,-1
463,28,186.00,307.00,104.00,266.00,1.00,-1,-1,-1
463,21,147.00,285.00,75.00,214.00,1.00,-1,-1,-1
463,29,313.00,314.00,44.00,138.00,1.00,-1,-1,-1
463,25,360.00,317.00,45.00,135.00,1.00,-1,-1,-1
464,28,189.00,306.00,102.00,267.00,1.00,-1,-1,-1
464,21,147.00,285.00,77.00,214.00,1.00,-1,-1,-1
464,29,314.00,314.00,43.00,138.00,1.00,-1,-1,-1
464,25,361.00,318.00,46.00,136.00,1.00,-1,-1,-1
465,28,189.00,307.00,102.00,266.00,1.00,-1,-1,-1
465,29,314.00,313.00,44.00,139.00,1.00,-1,-1,-1
465,21,147.00,285.00,77.00,213.00,1.00,-1,-1,-1
465,25,362.00,318.00,46.00,136.00,1.00,-1,-1,-1
466,28,180.00,307.00,114.00,266.00,1.00,-1,-1,-1
466,29,313.00,313.00,47.00,139.00,1.00,-1,-1,-1
466,21,147.00,285.00,78.00,213.00,1.00,-1,-1,-1
466,25,362.00,317.00,47.00,137.00,1.00,-1,-1,-1
467,28,185.00,305.00,110.00,267.00,1.00,-1,-1,-1
467,29,315.00,312.00,45.00,140.00,1.00,-1,-1,-1
467,21,148.00,285.00,77.00,212.00,1.00,-1,-1,-1
467,25,362.00,318.00,49.00,136.00,1.00,-1,-1,-1
468,28,189.00,303.00,108.00,268.00,1.00,-1,-1,-1
468,29,315.00,312.00,46.00,139.00,1.00,-1,-1,-1
468,21,150.00,285.00,76.00,212.00,1.00,-1,-1,-1
468,25,362.00,316.00,50.00,138.00,1.00,-1,-1,-1
